249,594
249,595
249,596
249,597
249,598
255,572
267,362
280,282
280,283
281,280
281,281
281,282
281,283
281,284
282,281
282,282
282,283
282,284
282,285
283,283
298,721
298,724
299,720
299,725
299,726
300,726
308,394
310,714
311,713
311,714
311,716
311,717
312,713
313,712
313,713
314,711
314,712
315,711
315,714
316,711
316,714
316,715
317,712
317,713
317,714
317,715
318,714
318,715
326,728
326,729
326,730
327,732
328,728
328,729
330,309
330,310
331,309
331,421
331,422
332,729
332,730
332,739
332,740
332,741
332,742
332,743
333,190
333,727
333,728
333,731
333,743
334,727
334,731
334,743
335,190
335,726
335,732
335,733
335,734
335,735
335,739
335,740
335,742
335,743
336,427
336,726
336,733
336,734
336,735
336,736
336,737
336,738
336,739
336,740
336,741
337,189
337,427
337,733
337,734
338,726
338,731
338,732
339,728
339,729
339,730
360,262
360,263
381,485
381,486
382,485
382,486
384,88
385,88
385,89
385,90
386,88
386,89
387,91
389,485
390,485
391,485
391,486
391,487
392,144
392,145
392,146
392,147
392,485
392,486
392,487
392,668
392,704
393,144
393,486
393,487
393,488
393,492
394,144
394,274
394,486
394,487
394,488
394,491
394,492
395,143
395,487
395,488
395,489
395,490
395,491
395,492
395,493
396,143
396,489
396,490
396,491
396,492
396,493
397,142
397,143
398,142
400,491
402,491
402,492
403,492
403,496
404,495
406,490
406,491
407,129
407,130
407,490
407,491
407,712
408,495
408,502
408,503
409,224
409,494
409,495
409,496
409,501
409,502
409,503
410,223
410,224
410,225
410,497
410,501
410,502
411,224
411,225
411,501
411,502
413,81
414,80
414,81
414,82
414,519
414,520
415,81
415,82
415,83
415,519
415,520
416,82
416,83
416,84
416,85
416,519
417,82
417,83
417,84
417,85
417,86
418,83
418,84
418,85
418,86
418,87
418,808
419,84
419,85
419,86
419,87
419,88
419,89
420,84
420,85
420,86
420,87
420,88
420,89
420,90
420,91
421,85
421,86
421,87
421,88
421,89
421,90
421,91
421,92
422,86
422,87
422,88
422,89
422,90
422,91
422,92
423,87
423,88
423,89
423,90
423,91
423,92
423,93
424,88
424,89
424,90
424,91
424,92
424,93
424,562
425,90
425,91
425,92
425,93
427,1039
428,1039
428,1040
442,584
447,492
449,523
451,612
451,613
451,615
451,616
452,452
452,611
452,612
452,613
452,614
452,616
453,519
453,522
453,610
453,611
453,612
453,614
453,615
453,616
454,521
454,522
454,523
454,581
454,613
454,614
454,615
455,521
455,522
455,523
455,525
455,613
455,614
456,523
456,524
456,525
456,613
457,525
457,607
458,525
458,607
458,612
459,608
459,610
459,611
459,612
460,609
460,611
461,540
461,541
461,609
461,610
462,539
462,540
463,540
464,536
464,537
464,538
464,540
465,536
465,537
497,588
498,588
498,589
502,238
503,238
504,237
504,238
505,235
505,236
505,237
505,238
505,239
506,234
506,235
506,236
506,237
506,238
506,239
507,233
507,234
507,235
507,236
507,237
507,238
508,232
508,233
508,234
508,235
508,236
508,237
508,238
509,231
509,232
509,233
509,234
509,235
509,236
509,237
509,238
510,230
510,231
510,232
510,233
510,234
510,235
510,236
510,237
510,238
510,239
511,229
511,230
511,231
511,232
511,233
511,234
511,235
511,236
511,237
511,238
511,239
512,228
512,229
512,230
512,231
512,232
512,233
512,234
512,235
512,236
512,237
512,238
512,239
513,228
513,229
513,230
513,231
513,232
513,233
513,234
513,235
513,236
513,237
513,238
514,228
514,229
514,230
514,231
514,232
514,233
514,234
514,235
514,236
514,237
515,229
515,230
515,231
515,232
515,233
515,234
515,235
515,236
515,237
516,230
516,231
516,232
516,233
516,234
516,235
516,236
517,230
517,231
517,232
517,233
517,234
517,235
517,236
518,231
518,232
518,233
518,234
518,235
519,232
519,233
532,250
532,251
533,251
533,252
533,253
534,253
534,254
534,255
568,761
576,399
586,281
587,282
597,745
597,748
602,716
602,718
602,719
603,717
603,718
603,719
604,717
604,718
604,719
605,717
605,718
612,735
614,738
614,739
614,740
614,852
615,737
615,738
615,739
615,740
615,853
616,737
616,738
616,739
616,740
617,737
617,738
617,739
617,740
619,686
629,744
630,567
631,567
638,628
642,634
642,885
643,886
647,890
648,891
649,892
650,892
650,893
653,639
673,381
677,1029
678,678
679,677
679,679
686,819
686,820
686,829
687,609
687,610
687,819
687,820
687,821
687,829
688,609
688,610
688,813
688,814
688,815
688,820
688,821
689,609
689,610
689,784
689,785
689,813
689,814
689,849
690,784
690,791
690,792
690,814
690,815
690,886
690,1059
691,791
691,792
691,814
691,815
691,1004
691,1005
692,815
692,840
692,841
693,840
693,841
695,1047
696,1046
696,1047
696,1048
697,822
697,1046
697,1047
697,1048
698,1047
699,831
699,832
699,833
699,834
699,971
700,399
700,815
700,831
700,832
700,833
700,834
700,835
700,836
700,969
701,399
701,824
701,831
701,832
701,833
701,834
701,835
701,836
701,837
701,838
701,962
702,734
702,823
702,824
702,834
702,835
702,836
702,837
702,838
702,839
702,957
702,958
703,746
703,747
703,823
703,824
703,835
703,836
703,837
703,838
703,839
704,614
704,615
704,747
704,835
704,836
704,837
704,838
704,839
704,897
704,898
705,615
705,835
705,836
705,837
705,838
705,839
705,895
706,836
706,837
706,838
707,836
707,837
708,835
708,836
708,877
708,1000
708,1001
709,834
709,835
709,836
709,873
709,957
710,820
710,821
710,834
710,835
710,836
710,837
710,1001
711,823
711,834
711,835
711,836
711,837
712,834
712,835
712,836
713,834
713,835
713,836
714,1047
715,1047
716,1047
718,805
718,1031
718,1032
719,1031
719,1032
720,1031
720,1032
721,848
721,849
721,1031
721,1032
722,849
722,1032
723,849
726,1058
726,1059
727,1056
739,472
739,474
739,475
740,471
740,472
740,473
740,474
740,475
740,476
741,470
741,471
741,472
741,474
741,475
741,476
742,470
742,471
742,472
745,466
745,1045
745,1046
746,465
746,466
747,463
747,464
767,446
772,926
777,926
778,568
779,567
779,568
779,569
780,565
780,566
780,567
780,568
780,569
780,571
780,572
781,562
781,563
781,564
781,565
781,566
781,567
781,568
781,874
782,562
782,563
782,564
782,565
782,566
782,928
785,875
786,1014
786,1017
787,443
787,444
787,1000
787,1001
788,443
789,442
789,443
789,448
790,442
790,443
790,447
790,448
790,449
791,442
791,443
791,446
791,447
791,448
791,449
792,446
792,447
792,448
792,449
792,450
792,877
792,946
792,947
793,447
793,448
793,449
793,945
793,946
793,983
794,448
794,449
794,877
795,448
795,449
795,454
795,877
795,995
795,996
796,448
796,454
796,980
797,447
797,448
797,454
797,1005
797,1006
797,1007
798,447
798,454
798,1004
798,1005
798,1006
798,1007
798,1008
799,446
799,447
799,1006
799,1007
799,1008
800,446
800,447
800,968
801,446
801,447
801,973
802,445
802,446
802,447
802,470
803,445
803,446
803,471
803,941
803,942
803,943
804,432
804,445
804,446
804,472
804,473
804,878
804,940
804,941
804,942
804,943
805,429
805,430
805,431
805,432
805,433
805,445
805,446
805,473
805,940
805,941
805,942
805,943
806,429
806,430
806,431
806,432
806,433
806,445
806,446
806,474
806,940
806,941
806,1009
807,428
807,429
807,430
807,431
807,432
807,433
807,445
807,446
807,474
807,475
807,941
807,1002
807,1003
807,1004
807,1005
807,1009
807,1010
807,1011
807,1012
808,428
808,429
808,430
808,431
808,432
808,433
808,445
808,446
808,1010
809,429
809,430
809,431
809,432
809,433
809,434
809,444
809,445
809,446
809,447
809,448
810,429
810,430
810,431
810,432
810,433
810,434
810,435
810,443
810,444
810,445
810,446
810,447
811,429
811,430
811,431
811,432
811,433
811,434
811,435
811,436
811,442
811,443
811,444
811,445
811,446
811,447
811,477
812,429
812,430
812,431
812,432
812,433
812,434
812,435
812,436
812,437
812,438
812,439
812,440
812,441
812,442
812,443
812,444
812,445
812,446
812,447
812,1021
813,430
813,431
813,432
813,433
813,434
813,435
813,436
813,437
813,438
813,439
813,440
813,441
813,442
813,443
813,444
813,445
813,446
814,432
814,433
814,434
814,435
814,436
814,437
814,438
814,439
814,440
814,441
814,442
814,443
814,444
814,445
814,446
814,1019
814,1020
814,1021
815,434
815,435
815,436
815,437
815,438
815,439
815,440
815,441
815,442
815,443
815,444
815,962
815,1018
815,1019
815,1020
815,1021
816,436
816,437
816,438
816,439
816,440
816,441
816,442
816,443
816,1018
816,1019
816,1020
816,1021
817,437
817,438
817,439
819,880
820,880
823,989
824,989
827,874
827,875
827,877
827,878
828,875
828,876
828,877
828,878
829,877
829,878
829,901
830,878
830,879
830,900
830,901
831,872
831,900
831,901
832,873
834,979
849,728
849,729
850,729
855,495
861,490
861,491
862,484
862,489
862,490
862,491
863,483
863,484
863,487
863,488
863,489
863,490
863,491
864,483
864,487
864,488
864,489
864,490
864,491
864,492
865,481
865,482
865,488
865,489
865,490
865,491
865,492
865,1029
866,481
866,482
866,490
867,482
867,483
867,494
868,482
868,483
868,487
868,488
869,483
869,484
869,488
870,483
870,484
871,484
871,485
871,486
871,488
872,485
872,486
872,487
872,488
873,485
895,1061
896,652
896,1061
896,1062
954,791
954,792
954,793
955,790
955,791
955,794
956,790
956,791
956,793
956,794
957,790
957,791
958,600
958,790
958,791
960,602
968,876
968,877
969,876
969,877
970,877
971,878
972,878
972,879
972,880
973,879
979,886
980,886
981,884
981,885
981,886
982,883
982,884
982,885
982,886
983,883
983,884
983,885
984,884
984,885
984,895
984,896
985,895
985,896
986,895
986,896
987,878
987,879
987,884
987,895
988,877
988,878
988,879
988,880
988,883
988,884
988,885
988,892
988,893
988,894
988,895
989,875
989,876
989,877
989,878
989,879
989,880
989,881
989,882
989,883
989,884
989,892
989,893
989,894
989,895
990,874
990,875
990,876
990,877
990,878
990,879
990,880
990,883
991,874
991,875
991,876
991,877
991,878
991,879
991,880
991,1050
992,873
992,874
992,875
992,876
992,877
992,878
992,879
992,880
993,872
993,873
993,874
993,875
993,876
993,877
993,878
993,879
993,880
994,872
994,873
994,874
994,875
994,876
994,877
995,872
995,873
995,874
995,875
995,876
995,902
995,903
995,1048
995,1051
996,873
996,874
996,875
996,901
996,902
996,906
996,907
997,901
997,902
997,907
999,902
999,903
999,904
1000,901
1000,902
1000,903
1000,904
1000,906
1000,907
1001,901
1001,902
1001,903
1001,907
1001,908
1002,901
1002,902
1002,903
1002,906
1002,907
1002,908
1003,900
1003,901
1003,902
1003,903
1003,906
1003,907
1003,908
1004,899
1004,900
1004,901
1004,906
1004,907
1004,908
1004,910
1004,911
1005,907
1005,908
1005,910
1006,889
1007,890
1007,900
1007,904
1007,905
1007,906
1007,1034
1008,642
1008,891
1008,899
1008,900
1009,642
1009,643
1009,898
1009,899
1009,900
1009,901
1010,643
1010,644
1010,892
1010,894
1010,897
1010,898
1010,900
1010,908
1011,644
1011,894
1011,897
1011,898
1011,908
1011,909
1012,644
1012,645
1012,894
1012,913
1013,645
1013,913
1014,646
1014,913
1014,1034
1014,1035
1015,646
1015,647
1015,906
1015,913
1015,1035
1016,647
1016,912
1016,913
1017,647
1017,648
1017,876
1017,877
1017,911
1017,912
1018,648
1018,649
1018,911
1018,912
1019,649
1020,649
1020,650
1020,893
1020,970
1021,650
1021,894
1022,894
1022,895
1026,543
1026,1010
1026,1058
1027,542
1027,543
1027,1054
1027,1055
1027,1058
1027,1059
1028,542
1028,543
1029,542
1030,921
1030,1056
1030,1057
1031,1058
1036,887
1052,674
1053,1004
1054,1004
1057,962
1059,884
1060,989
1060,990
1060,993
1061,987
1061,988
1061,989
1061,990
1061,991
1062,988
1062,989
1062,990
1063,988
1063,989
1071,941
1071,942
1071,943
1071,947
1072,564
1072,941
1072,942
1072,943
1072,944
1072,945
1073,564
1073,565
1073,941
1073,944
1073,945
1074,564
1074,565
1093,918
1099,941
1099,942
1099,943
1100,941
1113,959
1113,960
1113,961
1120,913
1123,907
1124,902
1124,959
1125,453
1125,454
1125,702
1125,703
1125,704
1125,705
1125,896
1125,897
1126,454
1126,455
1126,701
1126,702
1126,703
1126,704
1126,705
1126,706
1126,896
1126,897
1126,898
1127,703
1127,704
1127,705
1127,706
1127,890
1127,891
1127,892
1127,896
1127,897
1128,889
1128,890
1128,891
1128,892
1128,893
1128,894
1128,895
1129,726
1129,888
1129,889
1129,890
1129,891
1129,892
1129,893
1129,894
1129,895
1130,888
1130,889
1130,890
1130,891
1130,892
1130,893
1130,894
1130,928
1130,929
1131,888
1131,889
1131,890
1131,891
1131,928
1131,929
1132,882
1132,883
1132,884
1132,929
1133,881
1133,882
1133,883
1133,884
1133,885
1134,877
1134,882
1134,883
1134,884
1134,885
1135,877
1135,878
1135,882
1135,883
1136,877
1136,878
1136,879
1136,882
1136,980
1136,981
1137,877
1137,878
1137,879
1137,880
1138,878
1138,879
1138,880
1139,878
1139,879
1184,1014
1185,1014
1194,994
1195,994
1195,995
1198,1013
1198,1014
1199,1014
1199,1015
1209,954
1209,955
1210,954
1212,812
1220,816
1220,1061
1221,1061
1222,816
1222,817
1223,816
1223,817
1223,818
1223,819
1224,817
1224,818
1224,819
1224,820
1225,818
1225,819
1225,820
1225,821
1226,818
1226,819
1226,820
1226,821
1227,819
1227,820
1228,864
1240,843
1240,844
1241,844
1242,845
1243,846
1246,1057
1246,1058
1247,1049
1247,1050
1247,1051
1247,1052
1247,1053
1247,1058
1247,1059
1248,1049
1248,1050
1248,1051
1248,1052
1248,1053
1248,1058
1248,1059
1249,1050
1249,1051
1249,1056
1249,1057
1250,1054
1250,1055
1250,1056
1250,1057
1251,1053
1251,1054
1251,1055
1251,1060
1251,1061
1252,1053
1252,1054
1252,1059
1252,1060
1252,1061
1253,1053
1253,1054
1253,1056
1253,1059
1253,1060
1253,1061
1253,1062
1254,1060
1254,1061
1254,1062
1254,1063
1255,1061
1255,1062
1255,1063
1255,1064
1256,1062
1256,1063
1257,1064
1261,939
1262,1050
1263,948
1264,943
1264,944
1264,947
1264,948
1264,954
1264,955
1264,956
1265,943
1265,947
1265,948
1265,954
1265,955
1266,946
1266,947
1266,948
1266,949
1266,954
1266,955
1266,956
1267,946
1267,947
1267,948
1267,949
1267,954
1267,955
1267,956
1268,946
1268,947
1268,948
1268,949
1268,954
1268,955
1268,956
1269,890
1269,954
1269,955
1269,956
1270,891
1270,956
1270,957
1274,893
1274,894
1275,958
1275,959
1275,960
1275,961
1276,959
1276,960
1276,961
1277,961
1278,961
1278,962
1279,961
1279,962
1279,963
1280,961
1280,962
1280,963
1285,1004
