100,266
100,267
100,268
101,266
110,285
111,284
111,285
112,284
168,262
168,263
169,261
169,262
169,263
169,264
169,265
170,261
170,262
170,263
170,264
170,265
171,261
171,262
171,263
171,264
172,258
172,259
178,153
178,154
178,155
179,153
179,154
179,155
179,156
179,221
180,220
180,221
180,222
181,220
181,221
202,100
203,98
203,99
203,100
203,101
204,98
204,99
204,100
205,98
205,99
205,100
205,107
206,98
206,99
206,100
206,106
206,107
206,108
206,109
207,97
207,98
207,99
208,96
208,97
208,98
208,99
209,93
209,94
209,97
209,110
209,111
209,112
210,92
210,93
210,94
210,109
210,110
210,111
210,112
210,113
210,114
211,76
211,105
211,106
211,109
211,110
211,111
212,76
212,105
212,106
212,107
212,108
212,109
212,110
212,111
213,106
213,107
213,108
213,109
213,110
213,111
214,107
214,108
214,109
214,110
214,111
215,85
215,86
215,108
215,109
215,110
215,111
216,85
216,86
216,87
216,88
216,89
216,100
216,101
216,102
216,110
216,111
217,88
217,89
217,90
217,91
217,97
217,98
217,99
217,100
217,101
217,102
218,91
218,96
218,97
218,98
218,99
218,100
218,101
219,97
219,98
220,109
220,112
220,113
220,114
220,115
221,100
221,113
221,114
221,115
221,116
222,113
222,114
222,115
222,116
223,104
223,113
223,114
223,117
225,110
225,111
225,112
226,112
226,113
227,115
229,119
231,125
242,134
242,135
249,109
249,110
250,109
250,110
250,111
250,112
251,110
251,111
251,112
252,48
252,49
252,51
252,52
252,104
252,111
252,112
252,113
252,114
253,48
253,51
253,52
253,112
253,114
254,115
257,50
257,51
257,105
258,49
258,50
258,51
258,105
259,50
259,55
259,106
259,107
260,50
260,51
260,106
260,107
260,108
261,45
261,52
261,53
261,108
261,109
262,53
262,107
262,108
263,53
263,107
264,107
265,45
266,45
267,46
269,105
269,113
270,101
270,102
270,103
270,104
271,102
271,103
271,104
272,114
273,114
273,115
275,108
277,113
279,140
279,145
280,136
280,137
280,139
280,140
280,141
281,137
281,138
281,139
287,101
287,213
287,214
288,213
288,214
289,276
290,98
290,248
290,249
290,250
290,264
290,265
290,266
290,288
290,289
291,98
291,99
291,264
291,265
291,287
291,288
291,289
292,99
292,277
292,286
293,100
293,217
293,218
293,276
293,277
293,284
293,285
293,286
294,215
294,216
294,217
294,231
294,232
294,233
294,234
294,277
294,284
295,213
295,214
295,215
295,223
295,231
295,232
295,233
295,234
295,235
295,260
296,10
296,11
296,12
296,213
296,223
296,233
296,234
296,235
296,259
296,260
296,266
297,10
297,11
297,12
297,13
297,103
297,104
297,213
297,233
297,234
297,260
297,264
298,9
298,10
298,11
298,12
298,13
298,104
298,105
298,213
298,255
298,256
298,295
299,9
299,10
299,11
299,12
299,212
299,213
299,214
299,255
300,7
300,8
300,9
300,10
300,11
300,12
300,213
300,251
300,252
301,6
301,7
301,8
301,9
301,10
301,11
301,12
302,6
302,7
302,8
302,9
302,10
302,11
302,12
303,5
303,6
303,7
303,8
303,9
303,10
303,11
303,12
303,13
303,44
304,5
304,6
304,7
304,8
304,9
304,10
304,11
304,12
304,13
304,43
304,296
305,4
305,5
305,6
305,7
305,8
305,9
305,10
305,11
305,12
305,13
305,46
306,4
306,5
306,6
306,7
306,8
306,9
306,10
306,11
306,12
306,13
307,3
307,4
307,5
307,6
307,7
307,8
307,9
307,10
307,11
307,12
308,3
308,4
308,5
308,6
308,7
308,8
308,9
308,10
308,11
308,12
309,2
309,3
309,4
309,5
309,6
309,7
309,8
309,9
309,10
309,245
310,2
310,3
310,4
310,5
310,6
310,7
310,8
310,9
310,244
311,3
311,4
311,5
311,6
311,7
311,8
311,9
312,3
312,4
312,5
312,7
312,8
312,9
312,205
312,206
312,207
312,208
313,3
313,4
313,7
313,8
313,9
313,206
313,207
313,208
313,209
313,210
314,2
314,3
314,4
314,7
314,8
314,100
314,208
314,209
315,1
315,2
315,3
315,4
315,5
315,6
315,7
315,199
316,1
316,2
316,3
316,4
316,5
316,6
316,7
316,47
316,199
316,200
316,249
317,1
317,2
317,3
317,4
317,199
317,200
317,249
317,254
317,255
318,1
318,2
318,3
318,5
318,200
319,1
319,2
319,3
319,4
319,5
319,199
320,3
320,4
320,5
321,1
321,2
321,3
321,4
322,1
322,2
322,3
323,1
323,2
323,3
324,1
324,2
325,1
325,2
325,138
326,1
327,1
332,38
332,39
332,111
333,39
333,40
333,111
334,40
334,41
335,41
335,114
336,41
336,116
337,117
338,42
338,110
339,42
339,43
339,198
340,42
340,43
340,184
341,41
341,42
341,43
341,184
342,40
342,41
342,42
342,43
343,40
343,44
343,217
345,40
345,41
345,42
345,43
345,44
345,45
346,40
346,41
346,42
346,44
346,45
347,40
347,41
347,44
347,45
348,126
348,127
348,128
349,126
349,281
349,282
350,46
350,281
351,46
352,132
353,319
354,46
354,47
355,46
355,47
355,135
356,44
357,44
358,44
358,45
359,3
359,4
360,2
360,3
360,4
360,5
360,10
361,3
361,4
361,5
361,6
361,44
361,45
363,43
367,1
367,2
367,3
368,1
368,2
368,3
368,4
368,5
368,6
368,7
368,8
368,9
368,10
368,11
368,12
368,13
369,1
369,2
369,3
369,4
369,5
369,6
369,7
369,8
369,9
369,10
369,11
369,12
369,13
369,14
370,6
370,7
370,8
370,9
370,10
370,11
376,42
377,42
377,43
377,44
377,45
378,42
378,43
378,44
378,45
379,41
379,42
379,43
379,44
379,45
380,40
380,41
380,42
380,43
380,44
380,45
381,40
381,41
381,42
381,43
381,44
381,45
382,40
382,41
382,42
382,43
382,44
383,39
383,40
383,41
384,40
385,206
385,265
385,266
386,205
386,206
386,207
386,215
386,216
386,217
387,205
387,214
387,215
387,216
387,875
388,284
388,285
388,286
388,287
389,208
389,209
389,216
389,284
389,285
389,286
390,208
390,209
390,284
390,285
390,286
391,36
391,37
391,38
391,203
391,208
391,209
391,285
392,35
392,36
392,37
392,38
392,39
392,203
392,204
392,208
392,209
393,33
393,34
393,35
393,36
393,37
393,203
393,204
393,209
393,296
393,300
393,301
393,302
394,33
394,34
394,35
394,36
394,37
394,202
394,203
394,204
394,205
394,208
394,209
394,284
394,285
394,286
394,288
394,297
394,299
394,300
395,32
395,33
395,34
395,37
395,203
395,204
395,284
395,285
395,286
395,287
395,288
395,289
395,290
395,296
395,303
395,304
395,711
396,30
396,31
396,32
396,33
396,34
396,204
396,205
396,283
396,284
396,285
396,286
396,287
396,288
396,289
396,290
396,302
396,303
396,304
397,31
397,32
397,33
397,34
397,35
397,204
397,281
397,282
397,283
397,284
397,285
397,286
397,287
397,288
397,289
397,302
397,303
398,32
398,33
398,34
398,35
398,204
398,205
398,281
398,282
398,283
398,284
398,285
398,286
398,294
398,302
398,303
399,33
399,282
399,283
399,284
399,285
399,286
399,292
400,27
400,28
400,29
400,276
400,277
400,282
400,283
400,284
400,285
400,696
400,697
401,26
401,27
401,28
401,277
401,283
401,284
402,25
402,26
402,27
403,24
403,25
403,218
403,219
404,23
404,24
404,216
404,217
404,218
404,219
404,220
404,221
405,217
405,218
405,219
406,217
406,218
407,217
407,218
407,724
407,725
408,13
408,14
408,16
408,17
408,216
408,217
408,218
408,219
409,11
409,12
409,13
409,14
409,15
409,16
409,17
409,216
409,217
409,218
409,219
410,8
410,9
410,10
410,11
410,12
410,13
410,212
410,213
410,214
410,216
410,217
410,218
411,7
411,8
411,9
411,212
411,213
411,214
412,1
412,2
412,3
412,6
412,209
412,210
413,1
413,2
413,208
413,209
413,210
414,207
414,208
414,209
414,210
414,216
415,206
415,207
415,208
415,209
415,210
415,211
416,207
416,208
421,205
424,207
425,207
444,327
444,328
444,329
444,330
445,325
445,326
445,327
445,328
445,329
445,330
446,324
446,325
446,326
446,327
446,328
446,329
447,326
447,327
447,328
447,329
448,327
448,328
448,329
449,326
449,327
449,328
449,329
450,326
450,327
456,520
466,281
466,282
470,249
470,250
470,253
471,249
471,250
471,251
471,252
471,253
471,562
472,272
472,273
472,274
472,275
472,277
472,278
472,560
473,272
473,273
473,274
473,275
473,276
473,277
473,278
474,266
474,267
474,268
474,272
474,273
474,274
474,275
474,276
474,277
474,278
474,279
474,326
474,327
474,328
475,266
475,267
475,268
475,269
475,272
475,325
475,326
476,267
476,268
476,269
476,324
476,325
484,324
495,314
495,315
495,316
496,310
496,311
496,312
496,314
496,316
497,310
497,311
499,360
499,361
500,340
500,360
500,361
500,362
501,339
501,340
501,341
501,360
501,361
502,340
502,341
502,359
502,360
502,361
503,358
503,359
503,360
504,354
504,355
504,356
504,358
504,359
504,360
505,263
505,353
505,354
505,355
505,358
505,359
505,360
506,345
506,347
506,351
506,352
506,353
506,354
506,355
506,356
506,359
506,360
507,345
507,351
507,352
507,353
507,354
507,355
507,356
508,350
508,351
508,352
508,353
508,381
508,385
509,349
509,350
509,351
509,771
510,350
510,351
510,770
511,350
511,351
511,352
511,388
512,351
512,352
512,353
512,365
514,364
514,371
514,389
515,363
515,364
515,385
516,361
516,363
516,364
516,372
516,376
516,377
517,352
517,361
517,362
517,363
517,369
517,370
517,375
517,376
517,377
517,378
517,379
517,749
518,377
518,380
518,381
518,384
518,390
518,785
518,790
519,361
519,380
519,381
519,384
519,385
519,386
519,387
520,361
520,379
520,380
520,381
520,382
520,385
520,386
520,387
520,388
520,389
520,390
520,391
520,392
521,379
521,380
521,381
521,385
521,387
521,388
521,390
521,391
521,392
522,372
522,373
522,379
522,385
522,386
522,387
522,388
522,391
522,405
522,406
523,366
523,372
523,373
523,374
523,376
523,387
523,388
523,391
523,392
523,405
524,372
524,373
524,374
524,375
524,376
524,777
524,778
524,779
524,784
524,785
524,786
525,375
525,376
525,778
525,785
525,786
525,787
526,326
526,386
526,778
526,779
526,787
527,386
527,778
527,779
527,780
528,386
528,387
528,745
528,746
528,778
528,779
528,780
529,388
529,746
529,747
529,779
531,410
531,411
531,791
531,792
531,793
532,264
532,410
532,411
532,784
532,785
532,786
532,793
532,794
533,263
533,264
533,322
533,323
533,776
533,785
533,786
533,787
534,263
534,322
534,323
534,330
534,776
534,786
534,787
534,788
535,319
535,320
535,321
535,322
535,776
535,786
535,787
535,788
536,321
536,322
536,785
536,786
536,787
537,783
537,784
537,785
537,786
538,784
538,785
538,792
544,268
545,267
545,268
545,316
546,267
546,268
546,317
547,266
547,267
547,268
548,266
548,267
548,268
549,266
549,267
549,268
549,269
550,266
550,267
550,268
550,269
550,270
551,268
551,269
551,270
552,269
552,270
552,271
553,269
553,270
553,271
553,272
554,270
554,271
554,272
555,271
555,272
555,273
556,272
556,273
556,274
557,273
557,274
557,275
558,274
558,275
559,275
563,292
564,368
564,369
564,370
565,368
565,369
565,370
565,371
565,727
566,255
566,256
566,287
566,288
566,379
567,287
567,288
570,274
570,378
571,273
571,290
572,224
573,225
573,269
573,270
573,288
574,268
574,269
575,261
575,262
575,263
575,267
575,268
576,259
576,260
576,261
576,262
576,263
576,264
576,265
576,266
576,267
577,259
577,260
577,261
577,264
577,265
577,266
578,260
579,260
579,280
579,281
580,260
580,261
580,279
580,280
580,292
581,260
581,279
581,280
581,292
581,293
581,715
582,259
582,260
582,293
582,294
582,295
582,751
583,259
583,294
583,295
583,296
584,222
584,259
584,294
584,295
584,296
584,297
585,259
585,295
585,296
585,297
585,298
585,711
585,712
586,259
586,273
586,295
586,296
586,297
586,298
586,299
586,710
586,711
587,258
587,259
587,272
587,273
587,299
587,362
587,363
587,710
587,711
588,272
588,273
588,274
588,300
588,301
588,363
589,268
589,272
589,273
589,303
589,304
590,262
590,263
590,264
590,265
590,266
590,267
590,268
590,269
590,270
590,271
590,272
590,273
590,298
590,304
590,305
591,268
591,269
591,270
591,271
591,272
591,273
591,299
591,707
591,708
592,270
592,271
592,272
592,707
593,369
594,264
596,273
596,281
597,294
600,240
602,327
603,418
603,419
604,233
604,418
604,419
605,418
605,419
606,372
606,418
610,417
610,464
611,416
611,417
611,418
611,419
611,421
612,221
613,221
613,222
613,401
614,222
614,223
614,400
614,401
614,402
615,223
615,224
615,403
615,404
616,225
616,404
616,423
617,225
618,225
618,226
618,406
619,226
619,270
619,272
619,273
619,401
620,275
620,407
621,275
621,276
622,229
622,276
622,288
623,230
623,287
623,288
624,231
624,232
624,287
624,288
624,444
625,232
625,233
625,286
625,287
626,234
626,235
626,285
626,286
627,236
628,237
628,480
629,479
629,480
630,239
630,240
631,241
631,242
631,243
631,244
631,481
632,243
632,244
632,245
633,245
633,246
633,281
634,247
637,259
637,260
637,262
637,265
637,266
640,950
640,951
641,949
641,950
641,951
646,494
646,495
647,493
648,493
648,494
653,438
654,414
662,1013
667,816
667,817
667,818
667,819
667,820
668,816
671,407
671,408
674,591
674,592
678,630
678,642
678,643
679,642
679,643
679,644
680,641
680,642
680,643
681,633
681,641
681,642
681,868
681,869
681,870
682,868
682,869
682,870
682,969
683,632
683,633
683,638
683,868
683,869
683,969
684,631
684,632
684,638
684,641
684,787
684,968
684,980
685,631
685,632
685,637
685,639
685,640
685,641
685,642
685,643
685,661
685,968
685,973
685,979
685,980
685,981
685,982
685,983
685,984
686,632
686,633
686,638
686,640
686,643
686,662
686,788
686,959
686,960
686,961
686,962
686,973
686,976
686,979
686,982
686,983
686,984
687,636
687,637
687,662
687,663
687,788
687,959
687,960
687,961
687,962
687,979
687,984
688,662
688,663
688,789
688,975
688,979
688,984
689,649
689,661
689,662
689,663
689,975
689,976
689,979
689,980
689,981
689,983
689,984
690,608
690,638
690,649
690,660
690,661
690,662
690,663
690,983
690,984
691,632
691,637
691,638
691,639
691,660
691,661
691,662
691,663
694,668
694,991
694,992
695,991
695,992
696,988
696,992
697,664
699,734
699,735
699,736
700,734
700,735
700,736
700,819
701,733
701,734
701,735
702,733
702,734
702,735
703,734
703,735
704,735
706,656
707,658
707,667
708,671
708,672
708,673
710,673
710,1006
710,1007
711,666
711,667
711,673
711,674
711,1006
711,1007
711,1008
712,666
712,667
712,670
712,673
712,674
712,689
712,1006
713,618
713,619
713,620
713,621
713,622
713,672
713,673
713,674
713,678
714,617
714,618
714,619
714,620
714,621
714,622
714,670
714,671
714,672
714,681
715,617
715,618
715,619
715,620
715,621
715,670
715,671
715,680
716,617
716,618
716,619
716,620
716,621
717,618
717,619
717,620
718,674
718,701
719,701
719,702
720,680
721,682
722,697
726,419
731,752
732,748
733,748
736,623
737,753
737,756
738,756
738,757
739,755
739,756
739,757
740,755
740,756
745,756
746,756
747,583
747,584
747,756
747,757
748,586
749,434
750,434
751,435
754,756
755,756
756,756
758,701
758,756
759,756
760,441
760,756
761,427
761,428
761,429
761,756
762,426
762,427
762,428
762,429
762,430
762,602
762,705
762,756
763,426
763,427
763,428
763,429
763,430
763,431
763,602
763,603
764,426
764,427
764,428
764,429
764,430
764,431
765,427
765,428
765,429
765,430
765,431
765,432
765,433
766,324
766,428
766,429
766,430
766,431
766,432
766,433
767,323
767,324
767,428
767,429
767,430
767,431
767,432
767,433
768,280
768,281
768,322
768,429
768,430
768,431
768,432
768,433
769,278
769,279
769,280
769,281
769,430
769,431
769,432
770,258
770,259
770,260
770,277
770,278
770,279
770,280
770,281
770,609
771,258
771,259
771,260
771,271
771,272
771,273
771,274
771,275
771,276
771,277
771,278
771,279
771,280
771,281
771,317
771,318
772,257
772,258
772,259
772,260
772,270
772,271
772,272
772,273
772,274
772,275
772,276
772,277
772,278
772,279
772,281
772,282
772,317
772,318
772,319
773,257
773,258
773,259
773,270
773,271
773,272
773,273
773,281
773,282
773,315
773,316
773,317
773,318
773,870
774,257
774,258
774,259
774,260
774,279
774,280
774,281
774,313
774,314
774,315
774,316
774,317
774,862
775,257
775,258
775,259
775,260
775,261
775,275
775,278
775,279
775,280
775,285
775,286
775,312
775,313
775,314
775,315
776,257
776,258
776,259
776,260
776,261
776,262
776,275
776,284
776,285
776,286
776,311
776,312
776,313
776,314
777,258
777,259
777,260
777,261
777,267
777,268
777,269
777,272
777,273
777,284
777,285
777,286
777,302
777,303
777,304
777,310
777,311
777,312
778,258
778,259
778,260
778,261
778,262
778,267
778,268
778,269
778,272
778,273
778,302
778,303
778,304
778,310
778,311
779,259
779,260
779,261
779,262
779,267
779,268
779,272
779,273
779,274
779,279
779,303
779,304
779,305
779,306
779,307
779,308
779,309
779,310
779,357
779,358
780,258
780,259
780,260
780,261
780,262
780,263
780,264
780,273
780,277
780,278
780,279
780,286
780,287
780,304
780,305
780,306
780,307
780,308
780,309
780,310
780,356
780,357
780,358
781,258
781,259
781,260
781,261
781,262
781,263
781,264
781,270
781,280
781,283
781,284
781,285
781,286
781,287
781,306
781,307
781,308
781,309
781,356
781,357
781,358
782,262
782,263
782,264
782,269
782,270
782,271
782,283
782,284
782,285
782,286
782,356
782,357
783,258
783,259
783,263
783,270
783,283
783,284
783,285
783,289
783,290
783,356
783,357
784,258
784,259
784,263
784,267
784,274
784,275
784,289
784,290
784,355
784,356
784,357
785,257
785,258
785,259
785,260
785,261
785,263
785,266
785,267
785,268
785,271
785,274
785,275
785,278
785,279
785,280
785,289
785,290
785,355
785,356
785,357
785,513
786,257
786,258
786,259
786,266
786,267
786,268
786,271
786,272
786,273
786,274
786,275
786,278
786,279
786,280
786,281
786,282
786,283
786,289
786,290
786,355
786,356
786,357
787,257
787,258
787,259
787,266
787,267
787,268
787,271
787,272
787,273
787,274
787,278
787,279
787,281
787,282
787,283
787,284
787,289
787,290
787,355
787,356
787,357
788,257
788,258
788,259
788,260
788,267
788,268
788,271
788,272
788,273
788,282
788,283
788,284
788,289
788,290
788,355
788,356
788,357
788,358
789,257
789,258
789,259
789,260
789,268
789,272
789,273
789,284
789,285
789,289
789,356
789,357
789,358
790,256
790,257
790,258
790,259
790,260
790,284
790,285
790,286
790,288
790,289
790,290
790,291
790,356
790,357
790,358
791,256
791,257
791,258
791,259
791,260
791,268
791,269
791,284
791,285
791,288
791,289
791,290
791,291
791,357
791,358
792,255
792,256
792,257
792,258
792,259
792,260
792,265
792,266
792,267
792,268
792,269
792,272
792,273
792,274
792,284
792,285
792,357
792,358
793,255
793,256
793,257
793,258
793,259
793,265
793,266
793,267
793,268
793,269
793,271
793,272
793,273
793,274
793,275
793,357
793,358
794,255
794,256
794,257
794,258
794,259
794,265
794,266
794,271
794,272
794,357
794,358
795,255
795,256
795,257
795,258
795,259
795,290
795,291
795,292
795,357
795,358
795,359
796,254
796,255
796,256
796,257
796,258
796,259
796,265
796,266
796,290
796,291
796,292
796,343
796,344
796,357
796,358
796,359
796,467
796,468
797,255
797,256
797,257
797,264
797,265
797,266
797,276
797,342
797,343
797,344
797,345
797,357
797,358
797,359
797,468
798,255
798,256
798,257
798,264
798,265
798,266
798,342
798,343
798,344
798,345
798,358
798,359
798,360
799,254
799,255
799,256
799,257
799,264
799,265
799,342
799,343
799,344
799,359
799,360
799,361
800,254
800,255
800,256
800,257
800,258
800,259
800,260
800,265
800,266
800,270
800,271
800,272
800,277
800,278
800,339
800,340
800,343
800,359
800,360
800,361
800,362
801,254
801,255
801,256
801,257
801,258
801,259
801,260
801,261
801,265
801,266
801,267
801,270
801,271
801,272
801,273
801,276
801,277
801,278
801,339
801,340
801,344
801,362
801,363
802,254
802,255
802,256
802,257
802,258
802,259
802,260
802,261
802,262
802,265
802,266
802,267
802,270
802,271
802,272
802,273
802,277
802,322
802,323
802,324
802,339
802,340
802,343
802,344
802,363
802,364
803,254
803,255
803,256
803,257
803,258
803,259
803,260
803,261
803,266
803,320
803,321
803,322
803,323
803,324
803,334
803,335
803,336
803,364
804,254
804,255
804,256
804,257
804,258
804,319
804,320
804,321
804,322
804,323
804,324
804,325
804,334
804,335
804,336
805,253
805,254
805,255
805,256
805,257
805,258
805,259
805,319
805,320
805,321
805,322
805,323
805,324
805,327
805,331
806,253
806,254
806,255
806,256
806,257
806,258
806,259
806,326
806,327
807,253
807,254
807,255
807,256
807,257
807,258
807,325
807,326
807,327
808,254
808,255
808,256
808,257
808,258
808,324
808,325
808,326
808,327
809,253
809,254
809,255
809,256
809,257
809,258
809,266
809,267
809,280
809,281
809,322
809,323
809,324
809,325
809,326
810,253
810,254
810,255
810,256
810,257
810,258
810,263
810,265
810,266
810,267
810,275
810,276
810,321
810,322
810,323
811,253
811,254
811,255
811,256
811,257
811,258
811,262
811,263
811,264
811,265
811,266
811,267
811,270
811,271
811,274
811,275
811,276
811,284
811,285
811,321
811,322
811,323
811,600
812,254
812,255
812,256
812,257
812,258
812,262
812,263
812,264
812,270
812,271
812,272
812,273
812,274
812,275
812,276
812,277
812,278
812,283
812,284
812,285
812,322
813,254
813,255
813,256
813,257
813,258
813,269
813,270
813,271
813,272
813,276
813,277
813,278
813,283
813,284
813,285
814,254
814,255
814,256
814,257
814,258
814,270
814,271
814,272
814,276
814,277
814,278
814,283
814,284
814,285
815,254
815,255
815,256
815,257
815,258
815,265
815,266
815,271
815,272
815,276
815,279
815,280
815,283
815,284
816,255
816,256
816,257
816,258
816,265
816,266
816,267
816,278
816,279
816,280
817,256
817,257
817,258
817,259
817,260
817,261
817,262
817,264
817,265
817,266
817,267
817,272
817,273
817,277
817,278
817,279
817,284
817,285
817,286
818,257
818,258
818,259
818,260
818,261
818,262
818,266
818,272
818,273
818,274
818,276
818,277
818,278
818,279
818,282
818,283
818,284
818,285
818,286
819,258
819,259
819,260
819,261
819,262
819,272
819,273
819,274
819,277
819,278
819,279
819,282
819,283
819,284
819,285
819,482
820,259
820,260
820,261
820,262
820,263
820,273
820,277
820,278
820,282
820,283
820,284
821,260
821,261
821,262
821,263
821,264
821,267
821,268
821,274
821,275
821,481
822,260
822,261
822,262
822,263
822,264
822,265
822,266
822,267
822,268
822,269
822,270
822,271
822,274
822,275
822,276
822,279
822,280
822,481
823,261
823,262
823,263
823,264
823,265
823,266
823,269
823,270
823,271
823,274
823,275
823,276
823,277
823,278
823,279
823,280
823,281
823,282
823,315
823,316
823,481
823,482
824,261
824,262
824,263
824,264
824,265
824,269
824,270
824,271
824,277
824,278
824,279
824,280
824,281
824,282
824,314
824,315
824,316
824,330
824,331
824,332
825,261
825,262
825,263
825,264
825,265
825,270
825,271
825,274
825,275
825,276
825,277
825,278
825,279
825,280
825,281
825,314
825,315
825,316
825,324
825,325
825,327
825,328
825,329
825,330
825,331
825,332
825,333
825,334
825,335
826,261
826,265
826,266
826,267
826,270
826,273
826,274
826,275
826,276
826,277
826,278
826,279
826,303
826,304
826,305
826,306
826,314
826,315
826,316
826,324
826,325
826,326
826,327
826,328
826,329
826,330
826,331
826,332
826,333
826,334
826,335
827,265
827,266
827,267
827,268
827,269
827,270
827,271
827,272
827,273
827,274
827,275
827,276
827,302
827,303
827,304
827,305
827,315
827,316
827,327
827,328
827,329
827,330
827,331
827,332
827,333
827,334
827,335
828,264
828,265
828,266
828,267
828,268
828,269
828,270
828,271
828,272
828,273
828,274
828,275
828,301
828,302
828,303
828,304
828,312
828,313
828,314
828,317
828,318
828,319
829,265
829,266
829,267
829,268
829,269
829,270
829,271
829,272
829,273
829,274
829,275
829,301
829,302
829,303
829,304
829,305
829,306
829,307
829,308
829,309
829,310
829,311
829,312
829,313
829,316
829,317
829,318
829,319
830,267
830,268
830,269
830,270
830,271
830,272
830,273
830,301
830,302
830,303
830,304
830,305
830,306
830,307
830,308
830,309
830,310
830,311
830,312
830,313
830,316
830,317
830,318
830,319
830,324
830,325
830,326
830,327
830,328
830,332
830,333
830,583
831,301
831,302
831,303
831,304
831,305
831,306
831,307
831,308
831,312
831,313
831,317
831,318
831,320
831,321
831,324
831,325
831,326
831,327
831,328
831,331
831,332
831,333
832,301
832,302
832,303
832,304
832,305
832,312
832,313
832,314
832,320
832,321
832,322
832,323
832,324
832,325
832,326
832,327
832,328
832,331
832,332
832,333
832,334
832,336
832,908
833,301
833,302
833,303
833,304
833,305
833,306
833,307
833,311
833,312
833,313
833,314
833,321
833,322
833,323
833,331
833,332
833,333
833,334
833,335
833,336
833,337
833,338
834,301
834,302
834,303
834,304
834,305
834,306
834,307
834,308
834,311
834,312
834,313
834,314
834,317
834,318
834,322
834,331
834,332
834,335
834,336
834,337
834,338
835,301
835,302
835,303
835,304
835,305
835,306
835,307
835,311
835,312
835,313
835,316
835,317
835,318
835,319
835,326
835,336
835,337
835,338
836,301
836,302
836,303
836,304
836,305
836,306
836,315
836,316
836,317
836,318
836,319
836,320
836,321
836,325
836,326
836,327
836,329
836,330
837,302
837,303
837,304
837,305
837,306
837,315
837,316
837,319
837,320
837,321
837,322
837,325
837,326
837,327
837,329
837,330
838,303
838,304
838,305
838,306
838,315
838,318
838,319
838,320
838,321
838,325
838,326
838,329
838,330
838,594
838,595
838,596
838,683
838,684
838,685
839,303
839,304
839,305
839,306
839,307
839,308
839,310
839,311
839,312
839,313
839,314
839,315
839,317
839,318
839,319
839,320
839,329
839,330
839,593
839,594
839,595
839,596
839,681
839,682
839,683
839,684
839,685
840,304
840,305
840,306
840,307
840,308
840,309
840,310
840,311
840,312
840,313
840,314
840,315
840,316
840,317
840,318
840,319
840,593
840,594
840,680
840,682
840,684
840,685
841,304
841,305
841,306
841,307
841,308
841,309
841,310
841,311
841,312
841,316
841,317
841,318
841,324
841,325
841,330
841,331
841,595
841,680
841,682
841,683
841,684
842,304
842,305
842,306
842,307
842,308
842,309
842,310
842,311
842,312
842,316
842,317
842,318
842,319
842,323
842,324
842,325
842,326
842,330
842,331
842,595
842,682
843,304
843,305
843,306
843,307
843,308
843,309
843,310
843,312
843,313
843,314
843,315
843,316
843,317
843,318
843,324
843,325
843,326
843,330
843,331
844,304
844,305
844,306
844,307
844,308
844,309
844,310
844,312
844,313
844,314
844,315
844,324
844,325
844,326
844,329
844,330
844,331
844,332
844,333
845,305
845,306
845,307
845,308
845,309
845,310
845,312
845,313
845,314
845,315
845,320
845,321
845,329
845,330
845,331
845,332
845,333
846,305
846,306
846,307
846,308
846,309
846,310
846,313
846,318
846,319
846,320
846,321
846,332
846,333
847,306
847,307
847,308
847,309
847,316
847,317
847,318
847,319
847,320
847,321
847,327
848,306
848,307
848,308
848,309
848,310
848,315
848,316
848,317
848,318
848,319
848,326
848,327
848,328
849,307
849,308
849,309
849,310
849,323
849,324
849,325
849,326
849,327
849,328
849,329
849,333
850,307
850,308
850,309
850,310
850,322
850,323
850,324
850,330
850,331
850,332
850,333
851,307
851,308
851,309
851,310
851,316
851,317
851,318
851,319
851,320
851,321
851,322
851,323
851,324
851,330
851,331
852,307
852,308
852,309
852,310
852,311
852,313
852,314
852,316
852,317
852,318
852,319
852,320
852,321
852,331
852,738
853,307
853,308
853,309
853,310
853,311
853,312
853,313
853,314
853,316
853,317
853,318
853,319
853,327
853,328
853,329
854,307
854,308
854,309
854,310
854,311
854,313
854,327
854,328
854,329
854,330
855,307
855,308
855,309
855,310
855,322
855,327
855,328
855,329
855,334
855,335
855,336
856,307
856,308
856,309
856,310
856,317
856,318
856,321
856,322
856,323
856,328
856,334
856,335
856,336
856,337
857,308
857,309
857,310
857,315
857,316
857,317
857,318
857,319
857,321
857,322
857,323
857,327
857,328
857,335
857,336
857,337
858,308
858,309
858,310
858,315
858,316
858,317
858,318
858,319
858,321
858,322
858,323
858,326
858,327
858,328
858,329
859,308
859,309
859,310
859,315
859,316
859,317
859,318
859,319
859,322
859,323
859,326
859,327
859,328
860,308
860,309
860,310
860,316
860,317
860,318
860,319
860,321
860,322
860,331
860,332
860,333
860,334
860,335
860,336
860,339
860,340
861,308
861,309
861,310
861,320
861,321
861,322
861,329
861,330
861,331
861,332
861,333
861,334
861,335
861,336
861,337
861,338
861,339
861,340
862,308
862,309
862,310
862,311
862,320
862,321
862,322
862,326
862,327
862,328
862,329
862,330
862,331
862,336
862,337
862,338
862,339
863,309
863,310
863,311
863,312
863,321
863,324
863,325
863,326
863,327
863,328
863,329
863,337
863,338
863,339
864,310
864,311
864,312
864,313
864,323
864,324
864,325
864,326
864,327
865,311
865,312
865,313
865,314
865,315
865,316
865,317
865,318
865,322
865,323
865,324
865,325
866,311
866,312
866,313
866,314
866,315
866,316
866,317
866,318
866,319
866,321
866,322
866,716
867,312
867,313
867,314
867,315
867,316
867,317
867,318
867,319
867,320
867,321
867,322
867,326
867,327
867,714
867,715
868,313
868,314
868,315
868,316
868,317
868,318
868,319
868,320
868,321
868,325
868,326
868,327
869,314
869,315
869,316
869,317
869,318
869,319
869,320
869,321
869,322
869,324
869,325
869,326
869,327
870,317
870,318
870,319
870,320
870,321
870,322
870,323
870,325
870,326
870,327
870,328
871,318
871,319
871,320
871,321
871,322
871,323
871,326
871,327
871,328
871,329
872,319
872,320
872,321
872,322
872,323
872,324
872,326
872,327
872,328
872,329
873,320
873,321
873,322
873,323
873,324
873,325
873,326
873,327
873,328
873,329
874,321
874,322
874,323
874,324
874,325
874,326
874,327
874,328
874,329
874,330
874,331
875,322
875,323
875,324
875,325
875,326
875,327
875,328
875,329
875,330
875,331
875,332
875,632
876,324
876,325
876,326
876,327
876,328
876,329
876,330
876,331
876,332
876,334
876,335
876,336
877,324
877,325
877,326
877,327
877,328
877,329
877,330
877,331
877,332
877,333
877,334
877,335
877,336
877,337
878,325
878,326
878,327
878,328
878,329
878,330
878,331
878,332
878,333
878,334
878,335
878,336
878,337
878,338
878,339
879,327
879,328
879,329
879,330
879,331
879,332
879,333
879,334
879,335
879,336
879,337
879,338
879,339
879,340
880,329
880,330
880,331
880,332
880,333
880,334
880,335
880,336
880,337
880,338
880,339
880,340
880,341
880,797
881,331
881,332
881,333
881,334
881,335
881,336
881,337
881,338
881,339
881,340
881,341
881,342
882,334
882,335
882,336
882,337
882,338
882,339
882,340
882,341
882,342
883,336
883,337
883,338
883,339
883,340
883,341
883,342
898,509
899,504
899,505
899,506
899,507
899,508
899,509
900,499
900,500
900,501
900,502
900,503
900,504
900,505
900,506
900,507
900,508
900,509
900,510
901,496
901,497
901,498
901,499
901,500
901,501
901,502
901,503
901,504
901,505
901,506
901,507
901,508
901,509
901,510
901,511
902,496
902,497
902,498
902,499
902,500
902,501
902,502
902,503
902,504
902,505
902,506
902,507
902,508
902,509
902,510
902,511
903,497
903,498
903,499
903,500
903,501
903,502
903,503
903,504
903,505
903,506
903,507
903,508
903,509
903,510
903,511
903,512
904,497
904,498
904,499
904,500
904,501
904,502
904,503
904,504
904,505
904,506
904,507
904,508
904,509
904,510
904,511
905,498
905,499
905,500
905,501
905,502
905,503
905,504
905,505
905,506
905,507
905,508
905,509
905,510
905,511
905,512
906,498
906,499
906,500
906,501
906,502
906,503
906,504
906,505
906,506
906,507
906,508
906,509
906,510
906,511
907,498
907,499
907,500
907,501
907,502
907,503
907,504
907,505
907,506
907,507
907,508
907,509
907,510
907,511
907,512
908,498
908,499
908,500
908,501
908,502
908,503
908,504
908,505
908,506
908,507
908,508
908,509
908,512
909,499
909,500
909,501
909,502
909,503
909,504
909,505
909,506
909,507
909,508
909,512
910,499
910,500
910,501
910,502
910,503
910,504
910,505
910,506
910,507
910,508
911,500
911,501
911,502
911,503
911,504
911,505
911,506
911,507
911,508
912,500
912,501
912,502
912,503
912,504
912,505
912,506
912,507
912,508
913,505
913,506
913,507
973,595
974,594
974,595
974,601
975,593
975,594
975,595
975,596
975,599
975,600
975,601
975,602
975,603
976,593
976,594
976,595
976,596
976,597
976,598
976,599
976,600
976,601
976,602
976,603
976,604
976,605
977,593
977,594
977,595
977,596
977,597
977,598
977,599
977,600
977,601
977,602
977,603
977,604
977,605
978,593
978,594
978,595
978,596
978,597
978,598
978,599
978,600
978,601
979,594
979,595
979,596
979,597
979,598
979,599
979,600
980,594
980,595
980,596
980,597
980,598
980,599
980,600
981,594
981,595
981,596
981,597
981,598
981,599
981,600
981,888
981,889
982,594
982,595
982,596
982,597
982,598
982,599
982,888
982,889
982,890
983,594
983,595
983,596
983,597
983,598
983,887
983,888
984,592
984,593
984,594
984,595
984,596
984,597
984,598
984,886
984,887
984,888
985,591
985,592
985,593
985,594
985,595
985,596
985,597
985,890
986,591
986,592
986,593
986,594
986,595
986,596
986,597
987,591
987,592
987,593
987,594
987,595
987,596
987,881
988,591
988,592
988,593
988,594
988,595
988,596
988,881
988,882
989,591
989,592
989,593
989,594
989,595
989,596
990,591
990,592
990,593
990,594
990,595
990,596
991,591
991,592
991,593
991,594
991,595
991,596
992,591
992,592
992,593
992,594
992,595
992,596
992,597
993,591
993,592
993,593
993,594
993,595
993,596
993,597
994,591
994,592
994,593
994,594
994,595
994,596
994,822
995,592
995,593
995,594
995,595
995,596
995,597
995,598
995,599
995,600
995,601
995,602
995,603
995,604
995,670
995,822
995,823
996,595
996,596
996,597
996,598
996,599
996,600
996,601
996,602
996,603
996,669
996,822
996,823
997,668
997,823
1006,865
1007,865
1015,898
1015,899
1016,845
1016,895
1016,896
1016,897
1016,898
1016,899
1017,845
1017,846
1017,894
1017,895
1017,896
1017,897
1018,890
1018,905
1018,906
1019,905
1019,906
1027,904
1033,923
1033,924
1034,923
1034,924
1034,975
1034,976
1034,977
1034,986
1035,924
1035,975
1035,977
1035,978
1035,979
1035,980
1035,986
1035,987
1036,974
1036,975
1036,979
1036,986
1036,987
1037,974
1037,979
1038,971
1039,970
1039,971
1041,914
1041,915
1041,976
1041,977
1042,914
1042,915
1042,916
1042,970
1042,974
1042,975
1042,976
1042,977
1043,915
1043,941
1043,969
1043,970
1043,971
1043,972
1043,973
1043,974
1043,976
1043,977
1044,970
1044,971
1044,972
1044,973
1045,924
1045,925
1045,963
1046,923
1046,924
1046,925
1047,927
1047,939
1048,925
1048,926
1048,927
1048,928
1048,929
1048,930
1048,931
1048,938
1048,939
1048,940
1049,925
1049,926
1049,927
1049,928
1049,929
1049,930
1049,931
1049,938
1049,939
1049,940
1050,587
1050,588
1050,928
1050,929
1050,930
1050,931
1050,937
1050,938
1050,939
1050,940
1051,585
1051,586
1051,587
1051,588
1051,589
1051,590
1051,591
1051,592
1051,593
1051,594
1051,595
1051,925
1051,926
1051,927
1051,928
1051,929
1051,930
1051,931
1052,568
1052,569
1052,570
1052,571
1052,583
1052,584
1052,585
1052,586
1052,587
1052,588
1052,589
1052,590
1052,591
1052,592
1052,593
1052,594
1052,595
1052,924
1052,925
1052,926
1052,927
1052,928
1052,929
1052,930
1053,568
1053,569
1053,570
1053,571
1053,582
1053,583
1053,584
1053,585
1053,586
1053,587
1053,588
1053,589
1053,590
1053,591
1053,592
1053,593
1053,594
1053,924
1053,925
1053,926
1053,927
1053,928
1053,929
1053,930
1054,565
1054,566
1054,567
1054,568
1054,569
1054,570
1054,571
1054,572
1054,582
1054,583
1054,584
1054,585
1054,586
1054,587
1054,588
1054,589
1054,590
1054,591
1054,592
1054,593
1054,594
1054,927
1054,928
1054,929
1054,930
1055,565
1055,566
1055,567
1055,568
1055,569
1055,570
1055,571
1055,572
1055,573
1055,582
1055,583
1055,584
1055,585
1055,586
1055,587
1055,588
1055,589
1055,590
1055,591
1055,592
1055,593
1055,594
1055,923
1055,927
1055,928
1055,929
1056,559
1056,565
1056,566
1056,567
1056,568
1056,569
1056,570
1056,571
1056,572
1056,575
1056,576
1056,577
1056,578
1056,579
1056,580
1056,581
1056,582
1056,583
1056,584
1056,585
1056,586
1056,587
1056,588
1056,589
1056,590
1056,591
1056,592
1056,593
1056,594
1056,926
1056,927
1056,928
1056,929
1057,557
1057,558
1057,559
1057,560
1057,570
1057,571
1057,572
1057,573
1057,574
1057,575
1057,576
1057,577
1057,578
1057,579
1057,580
1057,581
1057,582
1057,583
1057,584
1057,585
1057,586
1057,587
1057,588
1057,589
1057,590
1057,591
1057,592
1057,593
1057,926
1057,927
1057,928
1058,557
1058,558
1058,559
1058,560
1058,567
1058,568
1058,569
1058,570
1058,571
1058,572
1058,573
1058,574
1058,575
1058,576
1058,577
1058,578
1058,579
1058,580
1058,581
1058,582
1058,583
1058,584
1058,585
1058,586
1058,587
1058,588
1058,589
1058,590
1058,591
1058,592
1059,557
1059,558
1059,559
1059,560
1059,561
1059,567
1059,568
1059,569
1059,570
1059,571
1059,572
1059,573
1059,574
1059,575
1059,576
1059,577
1059,578
1059,579
1059,580
1059,581
1059,582
1059,583
1059,584
1059,585
1059,586
1059,587
1059,588
1059,589
1059,590
1059,591
1059,924
1059,925
1059,926
1059,942
1059,943
1059,944
1060,567
1060,568
1060,569
1060,570
1060,571
1060,572
1060,573
1060,574
1060,575
1060,576
1060,577
1060,578
1060,579
1060,580
1060,581
1060,582
1060,583
1060,584
1060,585
1060,586
1060,587
1060,588
1060,589
1060,590
1060,925
1060,926
1060,941
1060,942
1060,943
1060,944
1060,945
1061,560
1061,561
1061,563
1061,567
1061,568
1061,569
1061,570
1061,571
1061,572
1061,573
1061,574
1061,575
1061,576
1061,577
1061,578
1061,579
1061,580
1061,581
1061,582
1061,583
1061,584
1061,585
1061,586
1061,587
1061,588
1061,589
1061,857
1061,924
1061,925
1061,926
1061,942
1061,943
1061,944
1061,945
1062,567
1062,568
1062,569
1062,570
1062,571
1062,572
1062,573
1062,574
1062,575
1062,576
1062,577
1062,578
1062,579
1062,580
1062,581
1062,582
1062,583
1062,584
1062,585
1062,586
1062,587
1062,588
1062,925
1062,926
1062,943
1062,944
1063,565
1063,566
1063,567
1063,568
1063,569
1063,570
1063,571
1063,572
1063,573
1063,574
1063,575
1063,576
1063,577
1063,578
1063,579
1063,580
1063,581
1063,582
1063,583
1063,584
1063,585
1063,586
1063,587
1064,564
1064,565
1064,566
1064,567
1064,568
1064,569
1064,570
1064,571
1064,572
1064,573
1064,574
1064,575
1064,576
1064,577
1064,578
1064,579
1064,580
1064,581
1064,582
1064,583
1064,584
1064,585
1064,586
1065,564
1065,565
1065,566
1065,567
1065,568
1065,569
1065,570
1065,571
1065,572
1065,573
1065,574
1065,575
1065,576
1065,577
1065,578
1065,579
1065,580
1065,581
1065,582
1065,583
1065,584
1065,585
1066,565
1066,566
1066,567
1066,568
1066,569
1066,570
1066,571
1066,572
1066,573
1066,574
1066,575
1066,576
1066,577
1066,578
1066,579
1066,580
1066,581
1066,582
1066,583
1066,584
1067,567
1067,568
1067,569
1067,570
1067,571
1067,572
1067,573
1067,574
1067,575
1067,576
1067,577
1067,578
1067,579
1067,580
1067,581
1067,582
1067,939
1068,568
1068,569
1068,570
1068,571
1068,572
1068,573
1068,574
1068,575
1068,576
1068,577
1068,578
1068,579
1068,580
1068,581
1069,560
1069,561
1069,562
1069,563
1069,568
1069,569
1069,570
1069,571
1069,572
1069,573
1069,574
1069,575
1069,576
1069,577
1069,578
1069,579
1069,580
1070,560
1070,561
1070,562
1070,563
1070,569
1070,570
1070,571
1070,572
1070,573
1070,574
1070,575
1070,576
1070,577
1070,578
1070,579
1071,570
1071,571
1071,572
1071,573
1071,574
1071,575
1071,576
1071,577
1071,578
1072,571
1072,572
1072,573
1072,574
1072,575
1072,576
1072,577
1072,578
1073,572
1073,573
1073,574
1073,575
1073,576
1074,573
1090,960
1091,923
1138,861
1138,862
1138,863
1138,864
1139,861
1139,862
1139,863
1139,864
1140,863
1141,725
1143,860
1143,861
1144,860
1144,861
1178,907
1179,907
1179,908
1180,906
1180,907
1180,908
1181,905
1181,906
1181,907
1181,908
1182,907
1206,959
1207,959
1207,960
1207,961
1208,960
1208,961
1208,962
1209,920
1209,921
1209,922
1209,923
1209,961
1209,962
1210,920
1210,921
1210,922
1210,923
1223,946
1223,947
1224,947
1226,947
1226,948
1226,949
1226,950
1226,951
1227,945
1227,946
1227,947
1227,948
1227,949
1227,950
1227,951
1228,944
1228,947
1228,949
1228,950
1228,951
1228,952
1228,953
1228,954
1229,915
1229,916
1229,944
1229,945
1229,946
1229,947
1229,951
1229,952
1229,953
1230,915
1230,916
1230,945
1231,916
1231,917
1231,944
1232,915
1232,916
1232,944
1233,916
1233,944
1235,947
1236,945
1236,946
1236,947
1236,948
1237,946
1237,947
1237,948
1240,867
1258,966
1259,965
1259,966
1260,965
1260,966
1260,967
1261,966
1261,967
1261,968
1262,964
1262,966
1262,967
1262,968
1263,964
1263,967
1264,967
1265,977
1265,978
1265,979
1265,980
1265,984
1266,963
1266,964
1266,976
1266,978
1266,979
1266,983
1266,984
1267,963
1267,964
1267,974
1267,975
1267,978
1267,979
1267,980
1267,982
1267,983
1267,984
1268,962
1268,963
1268,964
1268,965
1268,966
1268,975
1268,977
1268,978
1268,979
1268,980
1268,982
1268,984
1269,963
1269,964
1269,965
1269,966
1269,975
1269,976
1269,983
1270,963
1270,964
1270,965
1270,966
1270,971
1270,982
1270,983
1271,963
1271,964
1271,965
1271,966
1271,969
1271,970
1271,971
1271,972
1271,981
1271,982
1272,963
1272,964
1272,965
1272,966
1272,971
1272,972
1273,964
1273,965
1273,976
1273,977
1273,978
1273,986
1274,975
1274,986
1275,975
1275,986
1275,987
1276,975
1276,986
1276,987
1277,974
1277,975
1277,977
1277,978
1277,987
1278,973
1278,974
1278,978
1278,979
1278,986
1278,987
1278,988
1281,978
1282,979
1282,980
1282,981
1283,982
1289,900
1289,901
1290,899
1290,900
1290,901
1290,902
1291,897
1291,898
1291,899
1291,900
1291,901
1291,902
1292,897
1292,898
1292,899
1292,900
1292,901
1292,902
1292,903
1293,897
1293,898
1293,899
1293,900
1293,901
1293,902
1293,903
1293,904
1294,898
1294,899
1294,900
1294,901
1294,902
1295,899
1295,900
1295,901
1295,902
1296,899
1296,900
1296,901
1338,958
1340,975
1341,911
1342,911
1343,912
1344,912
1345,913
1346,913
1346,914
1347,914
1348,914
1348,915
1349,915
1350,916
1352,917
1353,916
1353,934
1353,976
1354,914
1359,974
1360,973
1363,933
1366,968
1368,931
