42,644
42,645
42,809
43,639
43,643
43,644
43,645
43,809
44,634
44,635
44,636
44,637
44,638
44,639
44,644
44,645
44,809
45,632
45,633
45,634
45,635
45,636
45,637
45,638
45,639
45,640
45,641
45,642
45,644
45,645
45,658
45,659
45,660
45,661
45,662
45,809
46,629
46,630
46,631
46,632
46,633
46,634
46,635
46,636
46,637
46,638
46,639
46,640
46,641
46,655
46,656
46,657
46,658
46,659
46,660
46,661
46,662
46,663
46,809
47,627
47,628
47,629
47,630
47,631
47,632
47,633
47,634
47,635
47,636
47,637
47,638
47,639
47,655
47,656
47,660
47,661
47,662
47,663
47,668
48,625
48,626
48,627
48,628
48,629
48,630
48,631
48,632
48,633
48,634
48,635
48,636
48,637
48,662
48,663
48,664
49,624
49,625
49,626
49,627
49,628
49,629
49,630
49,634
49,635
49,810
50,621
50,625
50,626
50,627
50,628
50,629
51,620
51,621
51,624
51,625
52,618
52,619
52,620
52,621
52,810
53,617
53,618
53,619
53,620
53,621
53,622
54,615
54,616
54,617
54,618
54,619
54,620
54,621
54,622
55,614
55,615
55,616
55,617
55,618
55,619
55,620
55,621
56,614
56,615
56,616
56,617
56,618
57,613
57,614
57,615
57,616
57,617
57,618
58,611
58,612
58,615
58,616
58,617
58,811
59,610
59,611
59,612
59,614
59,615
59,616
59,811
60,610
60,611
60,612
60,613
60,614
60,811
61,609
61,610
61,611
61,612
61,613
61,811
62,609
62,610
62,611
62,612
62,811
63,607
63,811
64,606
64,811
65,605
65,606
65,812
66,604
66,605
66,606
66,607
66,811
66,812
67,604
67,605
67,606
67,607
67,812
68,607
70,602
71,601
71,602
72,601
73,600
73,813
74,813
75,813
76,598
76,813
77,639
77,640
77,641
77,813
78,639
78,640
78,813
79,639
79,660
79,661
79,764
79,813
80,639
80,660
80,661
80,813
81,596
81,659
81,813
81,814
82,639
82,814
83,597
83,639
83,814
84,597
84,598
84,639
84,657
84,814
85,597
85,598
85,630
85,631
85,639
85,656
85,657
85,668
86,630
86,631
86,656
86,657
87,630
87,631
87,638
87,656
87,815
88,593
88,630
88,631
88,638
88,639
88,655
88,815
89,638
89,639
89,815
90,596
90,631
90,638
90,639
90,663
90,815
91,596
91,638
91,639
91,662
92,631
92,638
92,639
92,662
93,631
93,638
93,639
93,661
93,662
93,671
93,672
93,815
94,631
94,632
94,638
94,639
94,646
94,661
94,669
94,670
95,623
95,631
95,632
95,639
95,646
95,660
95,661
95,669
96,623
96,624
96,631
96,632
96,639
96,645
96,646
96,660
96,667
97,623
97,624
97,632
97,633
97,639
97,645
97,646
97,659
97,666
97,667
97,815
98,624
98,625
98,632
98,633
98,645
98,646
98,665
98,666
99,597
99,625
99,626
99,632
99,633
99,645
99,646
99,664
99,665
99,666
100,597
100,598
100,625
100,626
100,633
100,634
100,645
100,646
100,663
100,664
100,665
101,597
101,626
101,627
101,634
101,646
101,651
101,652
101,663
101,664
102,626
102,627
102,634
102,635
102,639
102,640
102,646
102,651
102,652
102,662
102,663
103,627
103,628
103,634
103,635
103,636
103,640
103,641
103,646
103,651
103,652
103,662
103,663
103,757
104,594
104,620
104,621
104,627
104,628
104,629
104,635
104,636
104,641
104,642
104,646
104,647
104,651
104,652
104,661
104,662
104,758
104,768
105,593
105,594
105,628
105,629
105,630
105,635
105,636
105,637
105,641
105,642
105,646
105,647
105,651
105,652
105,661
105,758
106,583
106,592
106,593
106,594
106,623
106,624
106,629
106,630
106,636
106,637
106,638
106,641
106,642
106,643
106,647
106,651
106,652
106,660
106,661
106,817
107,583
107,593
107,594
107,623
107,624
107,625
107,631
107,632
107,637
107,638
107,639
107,641
107,642
107,643
107,647
107,651
107,652
107,660
107,666
107,668
107,671
107,672
107,673
107,817
108,583
108,593
108,594
108,595
108,624
108,625
108,626
108,631
108,632
108,633
108,637
108,638
108,639
108,640
108,641
108,642
108,643
108,646
108,647
108,648
108,651
108,652
108,660
108,665
108,666
108,667
108,668
108,669
108,671
108,672
108,673
108,679
108,680
108,681
108,682
108,683
108,686
108,687
108,817
109,583
109,594
109,595
109,626
109,627
109,628
109,629
109,631
109,632
109,633
109,634
109,635
109,636
109,637
109,638
109,639
109,640
109,641
109,642
109,643
109,644
109,645
109,646
109,647
109,651
109,652
109,653
109,660
109,665
109,666
109,667
109,668
109,669
109,670
109,671
109,672
109,673
109,679
109,680
109,681
109,682
109,683
109,684
109,687
109,688
109,692
109,698
109,699
109,700
109,701
109,702
109,703
109,704
109,705
109,706
109,707
109,708
109,709
109,817
110,583
110,594
110,595
110,596
110,624
110,625
110,626
110,627
110,628
110,629
110,630
110,631
110,632
110,633
110,634
110,635
110,636
110,637
110,638
110,639
110,640
110,641
110,642
110,643
110,644
110,645
110,646
110,647
110,648
110,651
110,652
110,653
110,660
110,661
110,667
110,668
110,669
110,670
110,671
110,672
110,680
110,681
110,682
110,683
110,684
110,688
110,692
110,698
110,699
110,700
110,701
110,702
110,703
110,704
110,705
110,706
110,707
110,708
110,709
110,712
110,713
110,714
110,817
111,595
111,596
111,620
111,621
111,622
111,623
111,624
111,625
111,626
111,627
111,628
111,629
111,630
111,631
111,632
111,633
111,634
111,635
111,636
111,637
111,638
111,639
111,640
111,641
111,642
111,643
111,644
111,645
111,646
111,647
111,648
111,652
111,653
111,654
111,666
111,667
111,668
111,669
111,670
111,671
111,672
111,681
111,682
111,688
111,689
111,690
111,691
111,692
111,693
111,696
111,697
111,698
111,699
111,700
111,701
111,702
111,703
111,704
111,705
111,707
111,708
111,709
111,710
111,711
111,712
111,713
111,714
111,715
112,620
112,621
112,622
112,623
112,624
112,625
112,626
112,627
112,628
112,629
112,630
112,631
112,632
112,633
112,634
112,635
112,636
112,637
112,638
112,639
112,640
112,641
112,642
112,643
112,644
112,645
112,646
112,651
112,652
112,653
112,654
112,659
112,660
112,661
112,666
112,667
112,668
112,669
112,670
112,671
112,682
112,690
112,691
112,692
112,693
112,694
112,695
112,696
112,697
112,698
112,699
112,700
112,701
112,702
112,703
112,704
112,705
112,707
112,708
112,709
112,710
112,711
112,712
112,713
112,714
112,715
113,591
113,592
113,626
113,627
113,628
113,632
113,633
113,639
113,640
113,641
113,642
113,643
113,644
113,650
113,651
113,652
113,653
113,654
113,657
113,658
113,659
113,660
113,661
113,665
113,666
113,667
113,668
113,669
113,682
113,685
113,686
113,687
113,690
113,691
113,692
113,693
113,694
113,699
113,700
113,701
113,702
113,703
113,704
113,705
113,706
113,707
113,708
113,709
113,710
113,711
113,714
113,715
114,591
114,592
114,593
114,658
114,659
114,660
114,665
114,666
114,667
114,682
114,683
114,684
114,685
114,686
114,687
114,688
114,693
114,694
114,695
114,699
114,700
114,701
114,702
114,703
114,704
114,705
114,706
114,707
114,708
114,709
114,710
115,583
115,584
115,591
115,592
115,593
115,594
115,666
115,667
115,686
115,687
115,688
115,689
115,690
115,694
115,695
115,696
115,697
115,698
115,699
115,700
115,701
115,702
115,703
115,704
115,705
115,706
115,707
115,708
115,709
116,583
116,584
116,585
116,586
116,587
116,591
116,592
116,593
116,594
116,686
116,689
116,690
116,691
116,692
116,695
116,696
116,697
116,698
116,699
116,700
116,704
116,705
116,706
116,707
116,708
117,583
117,584
117,585
117,586
117,587
117,588
117,589
117,592
117,593
117,594
117,595
117,818
118,584
118,585
118,586
118,587
118,588
118,593
118,594
118,595
118,819
119,584
119,585
119,586
119,595
120,584
120,585
121,584
121,585
121,586
121,769
121,770
121,819
122,585
122,586
122,639
122,640
122,768
122,769
122,770
122,771
122,819
123,585
123,586
123,587
123,596
123,597
123,639
123,640
123,769
123,770
123,771
123,819
124,586
124,587
124,588
124,589
124,592
124,596
124,639
124,640
124,645
124,652
124,758
124,772
124,819
125,586
125,587
125,588
125,589
125,596
125,639
125,640
125,645
125,757
125,758
125,760
125,761
125,762
125,763
125,764
125,765
125,766
125,767
125,770
125,771
125,772
125,773
125,777
125,819
126,586
126,587
126,588
126,589
126,590
126,632
126,639
126,645
126,756
126,757
126,758
126,765
126,766
126,767
126,768
126,771
126,772
126,773
126,819
126,820
127,587
127,588
127,589
127,590
127,631
127,632
127,639
127,645
127,756
127,757
127,758
127,766
127,767
127,768
127,772
127,773
127,774
127,819
127,820
128,588
128,589
128,590
128,645
128,756
128,757
128,758
128,764
128,765
128,819
128,820
129,588
129,589
129,590
129,596
129,638
129,757
129,758
129,762
129,763
129,764
129,765
130,589
130,590
130,638
130,757
130,758
130,763
130,764
130,765
130,766
130,767
130,768
131,590
131,638
131,645
131,646
131,763
131,764
131,765
131,766
131,767
131,768
132,590
132,645
132,646
132,762
132,763
132,764
132,765
132,766
132,767
132,768
132,769
133,645
133,646
133,647
133,654
133,767
133,768
133,769
134,645
134,646
134,647
134,654
134,655
134,821
135,646
135,647
135,654
135,655
135,763
135,821
136,646
136,647
136,655
136,751
136,752
136,821
137,630
137,646
137,647
137,648
137,752
137,753
137,820
137,821
137,927
138,630
138,646
138,647
138,648
138,771
138,772
138,773
138,774
138,775
138,776
138,777
138,820
138,821
139,647
139,648
139,748
139,749
139,820
139,821
140,648
140,649
140,748
140,821
140,822
140,828
141,648
141,649
141,821
141,822
141,828
141,829
141,830
142,648
142,649
142,650
142,821
142,822
142,829
142,830
142,831
142,837
142,838
143,648
143,649
143,650
143,721
143,722
143,723
143,724
143,779
143,780
143,821
143,822
143,830
143,831
143,838
144,649
144,650
144,651
144,752
144,758
144,779
144,821
144,822
144,832
144,833
144,834
144,835
144,836
144,837
144,840
145,650
145,651
145,719
145,720
145,758
145,822
145,832
145,833
145,834
145,835
145,836
145,837
145,838
145,839
145,840
146,651
146,652
146,834
146,835
146,836
146,837
147,601
147,651
147,652
147,756
147,836
148,823
148,824
148,825
149,602
149,603
149,604
149,823
149,824
149,825
150,603
150,604
150,823
150,824
150,825
150,826
150,838
150,839
151,603
151,604
151,696
151,714
151,823
151,824
151,825
151,826
151,827
151,828
151,838
151,839
152,604
152,696
152,823
152,825
152,826
152,827
152,828
152,833
152,834
152,839
152,840
153,604
153,605
153,823
153,827
153,828
153,833
153,834
153,835
153,839
153,840
154,605
154,606
154,823
154,828
154,833
154,834
154,835
154,840
154,841
155,606
155,695
155,823
155,828
155,832
155,833
155,834
155,836
155,837
156,607
156,823
156,834
156,836
156,837
156,838
157,607
157,608
157,693
157,720
157,823
157,833
157,834
157,835
157,836
157,837
157,838
157,839
158,608
158,609
158,688
158,689
158,690
158,691
158,692
158,716
158,717
158,718
158,719
158,720
158,823
158,832
158,833
158,834
158,835
158,836
158,837
158,838
158,839
159,685
159,687
159,688
159,689
159,690
159,691
159,722
159,726
159,727
159,823
159,832
159,833
159,834
159,835
159,836
159,837
159,838
159,839
160,685
160,688
160,689
160,690
160,691
160,722
160,723
160,726
160,728
160,729
160,832
160,833
160,834
160,835
160,838
160,839
161,686
161,729
161,730
161,824
161,832
161,833
161,834
162,612
162,687
162,730
162,734
162,737
162,824
163,612
163,613
163,687
163,688
163,731
163,824
163,830
163,831
163,922
164,614
164,686
164,687
164,688
164,761
164,824
164,825
164,827
164,831
164,922
165,615
165,761
165,825
165,827
165,829
165,831
166,616
166,824
166,825
166,827
166,831
167,684
167,767
167,824
168,756
168,824
169,618
169,619
169,680
169,681
169,758
169,824
169,829
170,680
170,751
170,752
170,753
170,758
170,825
171,674
171,718
171,750
171,751
171,752
171,753
171,761
171,825
172,754
172,761
172,762
172,825
173,751
173,760
173,761
173,762
173,787
173,793
173,825
174,628
174,629
174,792
174,793
174,794
174,802
174,803
174,825
175,630
175,631
175,753
175,754
175,755
175,781
175,785
175,793
175,801
175,803
175,985
175,986
176,636
176,637
176,750
176,781
176,792
176,796
176,803
176,883
176,986
177,636
177,637
177,639
177,640
177,641
177,652
177,653
177,654
177,655
177,656
177,657
177,658
177,659
177,755
177,768
177,781
177,792
177,797
177,798
177,799
177,801
177,803
177,882
177,883
178,636
178,637
178,638
178,639
178,640
178,641
178,642
178,643
178,652
178,653
178,654
178,655
178,656
178,657
178,658
178,768
178,769
178,780
178,781
178,791
178,792
178,799
178,800
178,802
178,826
178,885
179,635
179,636
179,637
179,641
179,643
179,644
179,654
179,655
179,656
179,657
179,780
179,781
179,782
179,788
179,789
179,790
179,791
179,792
179,801
179,802
179,803
179,826
179,885
179,886
180,637
180,641
180,643
180,644
180,654
180,655
180,656
180,657
180,658
180,780
180,781
180,782
180,783
180,789
180,791
180,802
180,803
180,826
180,885
180,886
180,887
181,749
181,750
181,780
181,781
181,782
181,783
181,784
181,785
181,798
181,799
181,801
181,802
181,803
181,806
181,807
181,826
181,885
181,886
181,887
182,751
182,779
182,780
182,798
182,799
182,800
182,801
182,802
182,803
182,804
182,826
182,886
182,887
183,780
183,781
183,804
183,841
184,780
184,781
184,786
184,787
184,827
185,760
185,780
185,781
185,784
185,785
185,786
185,787
185,788
185,789
185,827
186,760
186,779
186,780
186,781
186,785
186,786
186,787
186,788
186,827
187,740
187,785
187,786
187,787
187,788
187,863
188,827
189,758
189,827
190,749
190,780
190,783
190,784
190,827
191,745
191,779
191,780
191,783
191,784
191,827
192,758
192,779
192,780
192,783
192,784
192,821
192,827
193,757
193,758
193,780
193,781
193,782
193,783
193,784
193,785
193,821
193,827
194,757
194,821
194,827
194,862
194,874
195,757
195,827
195,863
196,742
196,847
197,742
197,848
198,732
199,714
199,715
199,716
199,740
199,804
199,826
199,872
200,804
200,826
203,826
207,824
209,788
210,916
212,720
213,731
213,788
214,731
214,788
214,822
215,788
216,725
216,730
216,789
216,790
216,791
217,725
217,790
217,791
218,712
218,725
219,705
219,706
219,707
219,719
219,725
220,693
220,700
220,701
220,793
221,687
221,688
223,677
224,723
224,729
226,815
228,814
231,748
232,701
232,702
232,748
233,702
234,702
235,714
235,748
235,749
235,750
236,714
236,715
236,722
236,723
236,724
236,725
236,749
236,750
237,723
237,724
237,725
238,705
238,797
238,915
238,916
238,917
239,797
239,915
239,916
239,917
239,918
239,919
239,920
240,915
240,916
240,917
240,918
240,919
240,920
240,921
240,1005
240,1006
240,1007
240,1008
241,918
241,1005
241,1006
241,1007
241,1008
241,1009
241,1010
242,1009
242,1010
243,723
244,723
248,722
251,692
251,1002
252,721
252,1002
252,1003
253,721
254,721
255,722
255,723
256,725
256,726
257,728
257,729
257,730
261,1007
261,1008
261,1009
261,1011
262,1006
262,1007
262,1008
262,1009
262,1010
262,1011
263,1009
263,1010
264,777
264,778
265,736
265,778
266,737
266,778
267,738
267,940
267,941
268,738
268,941
268,942
268,943
268,944
268,945
269,719
269,738
269,941
269,942
269,943
269,944
269,945
269,946
269,947
270,715
270,767
270,778
270,942
270,943
270,944
270,945
270,946
270,947
270,948
271,732
271,767
271,944
271,945
271,946
271,947
271,948
272,766
272,945
272,946
272,947
272,948
273,766
273,767
273,769
273,945
273,946
273,947
273,948
274,768
274,769
274,946
274,947
275,739
275,760
275,939
276,760
276,939
277,760
277,939
278,939
279,753
279,754
279,755
279,1008
281,782
281,783
283,799
284,708
284,758
284,759
284,798
284,799
284,800
284,818
284,819
284,820
285,708
285,709
285,760
285,762
285,787
285,788
285,797
285,798
285,799
285,800
285,818
285,819
285,820
285,891
286,710
286,762
286,785
286,786
286,787
286,788
286,799
286,800
286,819
287,763
287,785
287,786
287,787
288,756
288,757
288,786
288,791
288,794
288,795
288,802
288,808
288,811
288,812
288,813
289,756
289,757
289,765
289,786
289,791
289,792
289,793
289,794
289,808
289,810
289,811
289,812
289,813
290,756
290,757
290,790
290,791
290,793
290,794
290,808
290,809
290,810
290,815
290,816
291,757
291,765
291,772
291,773
291,778
291,790
291,793
291,794
291,809
291,815
291,817
292,765
292,766
292,772
292,773
292,793
292,794
292,795
293,758
293,766
293,767
293,772
293,773
293,774
293,775
293,794
293,795
293,796
293,797
293,809
293,810
293,818
294,794
294,795
294,796
294,797
294,810
294,819
295,694
295,818
295,819
296,695
296,766
296,815
296,818
296,826
297,817
297,825
298,817
299,769
299,770
299,771
299,817
300,771
300,817
300,818
300,820
301,818
301,819
302,818
302,819
303,754
303,780
303,819
303,820
303,821
303,822
304,779
304,780
304,820
304,821
304,822
304,823
305,819
305,820
305,821
305,822
305,823
306,765
306,819
306,820
306,821
306,822
306,823
307,796
307,820
307,821
307,822
307,823
308,821
308,822
308,823
308,876
309,799
309,800
309,822
309,823
309,876
310,799
310,800
310,813
310,822
310,823
311,799
311,813
312,824
313,824
314,772
314,773
314,825
315,772
315,773
315,871
316,751
316,752
316,834
317,686
317,751
317,752
317,833
317,834
317,835
318,834
319,801
320,826
321,866
322,814
322,815
322,816
322,826
322,865
323,813
323,814
323,815
323,816
323,817
323,826
324,726
324,727
324,728
324,729
324,813
324,816
324,817
324,826
324,827
325,720
325,721
325,722
325,723
325,727
325,728
325,729
325,730
325,813
325,817
325,827
325,828
325,829
325,830
325,831
326,693
326,720
326,721
326,722
326,729
326,730
326,828
326,831
327,720
327,721
327,730
327,825
327,832
327,833
327,834
328,722
328,723
328,726
328,727
328,728
328,810
328,811
328,825
328,826
328,834
328,835
329,717
329,718
329,723
329,724
329,725
329,726
329,727
329,728
329,729
329,733
329,810
329,811
329,812
329,834
329,835
329,836
330,717
330,718
330,719
330,720
330,723
330,724
330,725
330,726
330,727
330,728
330,733
330,737
330,810
330,811
330,812
330,828
330,833
330,834
330,835
330,837
330,838
330,839
330,840
330,841
330,842
331,718
331,722
331,723
331,724
331,725
331,726
331,727
331,728
331,732
331,733
331,738
331,810
331,811
331,812
331,813
331,828
331,833
331,834
331,838
331,840
331,841
331,842
331,856
332,694
332,695
332,712
332,723
332,724
332,725
332,726
332,731
332,732
332,733
332,734
332,739
332,800
332,801
332,804
332,810
332,811
332,812
332,813
332,834
332,841
332,842
333,694
333,695
333,711
333,712
333,713
333,723
333,724
333,731
333,732
333,733
333,734
333,735
333,739
333,740
333,800
333,801
333,803
333,804
333,812
333,813
333,835
333,836
334,731
334,732
334,733
334,734
334,735
334,736
334,740
334,803
334,812
334,813
334,814
334,835
334,836
335,730
335,731
335,732
335,733
335,734
335,735
335,736
335,737
335,813
335,840
336,730
336,731
336,736
336,837
336,840
336,841
337,722
337,723
337,731
337,842
338,722
338,723
338,738
338,843
338,849
339,703
339,704
339,705
339,706
339,721
339,722
339,723
339,738
339,846
339,847
339,848
339,849
340,698
340,703
340,704
340,705
340,706
340,707
340,708
340,720
340,721
340,722
340,723
340,724
340,738
340,754
340,848
341,697
341,698
341,703
341,704
341,705
341,706
341,707
341,708
341,709
341,717
341,718
341,722
341,723
341,724
341,738
341,848
342,697
342,698
342,704
342,705
342,706
342,707
342,708
342,709
342,710
342,711
342,718
342,719
342,724
342,739
342,810
342,845
343,696
343,705
343,706
343,707
343,710
343,711
343,712
343,713
343,718
343,719
343,724
343,754
343,755
343,844
343,845
343,846
344,696
344,706
344,710
344,711
344,712
344,713
344,714
344,715
344,717
344,718
344,719
344,720
344,755
345,695
345,706
345,707
345,709
345,710
345,711
345,712
345,713
345,714
345,715
345,716
345,717
345,718
345,719
345,720
345,751
345,755
345,809
346,695
346,708
346,709
346,710
346,711
346,712
346,713
346,714
346,715
346,716
346,717
346,718
346,719
346,720
347,708
347,709
347,710
347,712
347,713
347,714
347,715
347,716
347,717
347,718
347,719
347,720
347,721
347,722
347,808
347,812
348,714
348,715
348,716
348,717
348,718
348,720
348,721
348,812
348,848
349,836
349,840
349,841
349,847
349,848
349,849
349,850
350,813
350,834
350,848
350,849
350,850
350,851
351,849
351,850
351,852
351,853
352,852
352,853
353,852
353,853
354,735
355,735
355,736
357,770
357,771
359,731
361,849
364,844
365,844
366,759
367,759
369,761
369,817
369,818
369,824
370,761
371,761
372,687
372,797
373,796
373,797
373,798
373,864
374,668
374,684
374,685
374,796
374,797
374,798
374,799
374,865
375,667
375,668
375,685
375,686
375,796
375,797
375,798
375,799
376,667
376,668
376,685
376,758
376,759
377,685
377,753
377,757
377,758
377,759
378,681
378,682
378,755
378,756
378,757
378,758
378,759
379,681
379,755
379,756
380,752
380,753
380,755
380,756
380,809
380,810
381,752
381,753
381,754
381,755
381,756
381,810
382,755
388,752
388,759
389,676
390,675
390,676
390,679
390,686
390,687
390,770
391,675
391,687
391,770
392,675
392,687
392,688
392,749
392,750
392,751
392,752
393,688
393,689
393,746
393,748
393,749
393,750
393,751
393,752
394,683
394,684
394,688
394,689
394,743
394,745
394,746
394,748
394,749
394,750
394,751
394,752
394,753
394,762
394,763
395,682
395,685
395,686
395,743
395,744
395,749
395,750
395,751
395,752
395,753
395,754
395,755
395,756
395,757
395,758
395,759
395,762
395,763
395,771
396,673
396,684
396,685
396,686
396,687
396,742
396,743
396,744
396,750
396,751
396,752
396,753
396,754
396,755
396,757
396,758
396,759
396,760
396,761
396,762
396,763
396,764
396,765
396,766
396,771
396,772
397,672
397,673
397,688
397,689
397,742
397,743
397,750
397,751
397,752
397,753
397,754
397,755
397,756
397,757
397,758
397,759
397,760
397,761
397,762
397,763
397,764
397,765
397,766
397,772
398,689
398,741
398,742
398,743
398,749
398,750
398,751
398,752
398,753
398,754
398,755
398,756
398,757
398,758
398,759
398,760
398,761
398,765
399,747
399,748
399,749
399,750
399,751
399,752
399,753
399,754
399,755
399,756
399,757
399,758
399,759
399,760
400,746
400,748
400,749
400,750
400,751
400,752
400,753
400,754
400,755
400,756
400,757
400,758
400,759
400,760
400,761
401,666
401,667
401,751
401,752
401,753
401,754
401,755
401,756
401,757
401,758
401,774
402,751
402,752
402,753
402,754
402,755
402,756
402,757
402,758
402,759
402,760
402,774
402,775
403,675
403,676
403,756
403,757
403,758
403,759
403,760
403,761
403,762
403,775
404,660
404,662
404,675
404,676
404,677
404,755
404,756
404,757
404,758
404,759
404,760
404,761
404,762
404,775
404,776
405,660
405,661
405,662
405,675
405,676
405,677
405,752
405,753
405,757
405,758
405,759
405,760
405,762
405,763
405,764
405,776
406,661
406,676
406,677
406,678
406,679
406,760
406,761
406,764
406,765
406,776
406,828
407,676
407,677
407,678
407,679
407,758
407,762
407,765
407,766
408,674
408,675
408,676
408,677
408,678
408,762
408,764
408,765
408,766
409,651
409,652
409,763
409,764
409,765
409,766
410,652
410,749
410,750
410,765
410,766
410,767
411,650
411,748
411,749
411,765
411,766
411,767
411,768
412,766
412,767
413,766
414,765
414,766
414,767
414,769
415,764
415,765
415,766
415,767
416,574
416,575
416,576
416,665
416,765
416,766
416,767
416,768
417,668
418,671
418,675
418,676
419,588
419,671
419,676
419,677
419,678
419,679
419,680
419,681
420,675
420,676
420,677
420,678
420,680
420,681
420,682
421,674
421,675
421,676
421,679
421,680
421,681
422,675
422,679
422,680
422,681
422,682
423,679
423,680
423,681
423,682
424,679
424,680
424,681
424,682
424,683
424,684
424,685
425,682
425,683
425,684
425,685
425,686
425,687
426,684
426,685
426,686
426,687
426,729
426,730
426,731
426,732
427,681
427,684
427,685
427,686
427,687
427,688
428,682
428,684
428,685
428,686
428,687
428,688
428,693
428,694
429,683
429,684
429,685
429,686
429,687
429,688
429,694
429,695
429,696
430,683
430,685
430,686
430,687
430,688
430,689
430,695
430,696
430,697
431,656
431,682
431,686
431,687
431,690
431,691
432,652
432,656
432,682
432,690
432,693
432,694
433,562
433,692
433,693
434,563
434,690
434,692
435,563
436,702
438,685
438,707
439,700
439,701
442,715
443,712
443,713
443,714
443,715
444,711
444,712
444,714
445,608
445,712
446,627
446,628
446,629
446,630
447,538
447,708
448,537
448,548
448,722
449,536
449,537
449,722
449,723
449,752
450,536
450,537
450,549
450,713
450,714
450,752
451,536
451,550
451,714
451,715
451,716
452,536
452,550
452,717
452,718
452,723
452,724
453,535
453,718
453,724
454,534
454,535
454,551
454,594
454,595
455,594
455,595
455,615
455,616
455,617
455,618
455,619
455,620
456,557
456,615
456,616
456,617
456,618
456,669
456,766
457,557
457,615
457,616
457,617
457,733
457,766
458,558
458,614
458,615
458,616
459,558
459,614
459,615
459,616
459,734
459,735
459,736
460,562
460,613
460,614
460,615
460,733
460,734
460,736
460,737
461,532
461,565
461,613
461,614
461,615
461,729
461,730
461,731
461,732
461,733
461,737
461,738
462,532
462,588
462,613
462,614
462,730
462,731
462,732
462,733
462,734
462,737
463,532
463,588
463,589
463,613
463,614
463,732
463,733
463,734
464,532
464,587
464,588
464,589
464,612
464,613
465,532
465,586
465,587
465,588
465,589
465,590
465,591
465,612
466,532
466,578
466,581
466,582
466,583
466,584
466,585
466,586
466,589
466,590
466,591
466,612
467,578
467,579
467,580
467,581
467,582
467,583
467,584
467,585
467,589
467,590
467,611
467,612
468,578
468,579
468,590
468,591
468,611
468,682
469,531
469,586
469,590
469,591
469,592
469,593
469,682
469,683
470,531
470,591
470,592
470,593
470,594
470,595
470,681
470,682
470,683
470,762
471,531
471,594
471,595
471,596
471,597
471,706
471,707
472,531
472,598
472,599
472,685
472,686
472,707
472,708
472,709
472,710
473,578
473,599
473,600
473,686
473,708
473,709
473,710
474,578
474,601
474,602
474,603
474,698
474,709
474,710
475,531
475,532
475,579
475,604
475,605
475,693
475,698
475,699
475,700
475,710
475,711
476,531
476,532
476,579
476,580
476,606
476,607
476,694
476,699
476,700
476,701
476,702
477,531
477,532
477,575
477,580
477,581
477,624
477,702
477,703
478,531
478,532
478,580
478,581
478,695
478,696
479,531
479,580
479,581
479,585
479,613
479,695
479,696
479,697
480,580
480,581
480,582
480,584
480,585
480,614
480,695
480,696
480,697
481,580
481,581
481,582
481,583
481,584
481,614
482,594
482,699
483,594
483,595
483,609
483,610
483,611
483,617
484,610
484,611
484,710
485,577
485,610
486,577
487,564
487,578
487,631
488,564
488,578
488,650
489,533
489,579
489,650
490,649
490,650
491,534
492,555
492,556
492,658
493,535
493,555
493,556
493,600
493,652
494,573
494,599
494,600
494,648
494,652
495,536
495,556
495,599
495,644
495,652
495,653
495,690
496,537
496,599
496,645
496,652
496,653
496,654
496,656
496,664
496,691
496,692
497,537
497,598
497,599
497,643
497,651
497,652
497,653
497,654
497,655
497,656
497,657
497,664
497,692
498,538
498,556
498,557
498,566
498,597
498,598
498,599
498,600
498,642
498,643
498,652
498,653
498,654
498,655
498,656
498,663
498,664
498,692
498,693
499,538
499,556
499,557
499,566
499,597
499,598
499,599
499,639
499,641
499,642
499,643
499,654
499,655
499,656
499,662
499,680
499,681
499,692
499,693
500,539
500,596
500,597
500,598
500,599
500,654
500,656
500,680
500,681
500,682
501,540
501,597
501,598
501,656
501,657
501,658
501,659
501,689
501,700
502,541
502,582
502,583
502,598
502,641
502,642
502,661
502,663
502,689
502,692
503,542
503,585
503,586
503,587
503,680
503,682
504,544
504,585
504,595
504,597
504,615
504,659
504,660
504,682
504,683
504,699
505,545
505,595
505,597
505,659
505,660
505,683
505,690
505,698
506,546
506,597
506,690
506,691
506,692
506,701
506,706
506,707
507,598
507,692
507,693
507,694
507,695
508,598
509,557
509,567
509,568
509,598
509,639
509,690
509,706
510,556
510,557
510,558
510,559
510,560
510,561
510,562
510,563
510,564
510,689
510,690
510,691
510,692
510,693
510,694
510,695
511,557
511,558
511,559
511,560
511,561
511,562
511,563
511,643
511,687
511,688
511,689
511,690
511,691
511,692
511,693
511,694
511,695
511,696
511,697
512,558
512,559
512,560
512,561
512,644
512,687
512,688
512,689
512,690
512,693
512,694
512,695
512,696
512,697
512,698
512,699
513,688
513,689
513,694
513,695
513,696
513,697
513,698
513,699
513,704
514,689
514,694
514,695
514,696
514,697
514,698
514,699
514,700
514,703
514,704
514,705
515,683
515,684
515,689
515,694
515,695
515,696
515,698
515,699
515,700
515,701
515,702
515,703
515,704
515,705
516,684
516,685
516,690
516,697
516,698
516,699
516,700
516,701
516,702
516,703
516,704
516,705
517,697
517,698
517,699
517,700
517,701
517,702
517,703
517,704
517,705
518,643
518,697
518,698
518,699
518,704
518,705
519,610
519,613
519,614
519,651
520,613
520,614
520,644
520,693
520,694
520,695
520,707
520,708
521,604
521,693
521,694
521,695
521,706
521,707
521,708
521,709
522,663
522,664
523,652
523,678
523,679
523,688
523,689
524,651
524,652
524,678
524,679
524,686
524,687
524,688
524,689
525,651
525,652
525,686
525,687
525,688
525,689
525,690
525,691
525,692
525,693
525,694
525,695
525,696
526,602
526,651
526,680
526,681
526,689
526,690
526,691
526,692
526,693
526,694
527,681
527,692
527,693
528,682
528,683
529,683
529,684
530,600
530,684
530,685
530,692
531,684
531,685
531,692
532,599
532,685
532,686
533,599
533,686
533,695
533,696
533,703
534,598
534,616
534,685
534,686
534,687
534,688
534,703
534,704
534,705
534,706
535,598
535,616
535,688
535,689
536,597
536,688
536,689
536,690
536,696
536,697
536,698
536,699
536,706
537,688
537,689
537,690
537,696
537,697
537,705
537,706
537,707
538,688
538,689
538,696
538,700
538,701
538,706
538,707
538,708
538,709
539,596
539,688
539,689
539,690
539,696
539,697
539,700
539,706
539,707
539,708
539,709
539,710
540,596
540,688
540,689
540,690
540,691
540,692
540,693
540,696
540,697
540,700
540,701
540,707
540,708
540,709
540,710
540,711
541,688
541,689
541,690
541,691
541,693
541,694
541,697
541,698
541,699
541,700
541,701
541,702
541,708
541,709
541,710
541,711
542,689
542,692
542,693
542,694
542,695
542,696
542,697
542,698
542,699
542,700
542,701
542,702
542,710
542,711
542,712
543,595
543,693
543,694
543,695
543,700
543,701
543,702
543,710
543,711
544,695
544,696
544,697
544,702
544,703
544,705
544,706
544,707
545,696
545,697
545,698
545,705
545,706
545,707
546,697
546,698
546,699
546,707
547,695
547,696
547,697
547,698
547,699
548,696
548,697
548,698
548,699
548,700
548,701
549,610
549,619
549,620
549,621
549,629
549,696
549,697
549,698
549,699
549,700
549,701
549,702
549,703
549,704
549,705
549,706
550,610
550,615
550,629
550,649
550,691
550,692
550,693
550,694
550,695
550,696
550,697
550,698
550,699
550,700
550,701
550,702
550,703
550,709
550,710
551,609
551,610
551,629
551,630
551,631
551,691
551,692
551,693
551,694
551,695
551,696
551,697
551,698
551,699
551,700
551,701
551,702
552,610
552,629
552,638
552,639
552,650
552,651
552,691
552,692
552,693
552,694
552,695
552,696
552,697
552,698
552,699
552,700
552,701
553,610
553,629
553,638
553,639
553,648
553,649
553,650
553,651
553,652
553,691
553,697
553,698
553,699
553,700
553,701
553,702
554,631
554,635
554,638
554,639
554,647
554,651
554,652
554,691
554,692
554,697
554,698
554,699
554,700
555,415
555,630
555,631
555,634
555,635
555,636
555,638
555,651
555,652
555,697
555,698
556,413
556,414
556,415
556,416
556,608
556,609
556,631
556,638
556,639
556,651
556,652
556,653
556,689
556,690
557,412
557,413
557,414
557,415
557,608
557,631
557,639
557,652
557,655
557,690
557,699
557,700
558,411
558,412
558,413
558,414
558,608
558,628
558,647
558,648
558,650
558,655
558,656
558,691
559,411
559,412
559,413
559,627
559,628
559,647
559,648
559,650
559,651
559,690
559,691
559,692
559,693
560,408
560,409
560,411
560,412
560,413
560,414
560,627
560,640
560,642
560,648
560,650
560,651
560,692
560,693
560,694
560,695
560,699
561,407
561,408
561,409
561,410
561,640
561,641
561,642
561,646
561,647
561,648
561,693
561,694
561,695
561,696
561,699
562,403
562,404
562,405
562,406
562,408
562,409
562,647
562,648
562,692
562,693
562,694
562,695
562,704
562,705
563,397
563,398
563,399
563,400
563,401
563,402
563,403
563,404
563,606
563,648
563,704
563,705
563,706
564,393
564,394
564,395
564,396
564,397
564,398
564,399
564,400
564,401
564,605
564,650
564,651
564,706
565,392
565,393
565,394
565,395
565,396
565,397
565,398
565,399
565,400
565,401
565,650
565,651
565,704
565,705
565,706
565,707
566,387
566,388
566,389
566,390
566,391
566,392
566,393
566,394
566,395
566,396
566,397
566,398
566,399
566,400
566,401
566,704
566,705
566,706
567,386
567,387
567,388
567,389
567,390
567,391
567,392
567,396
567,397
567,415
567,416
567,421
567,422
567,626
568,383
568,384
568,385
568,386
568,387
568,388
568,389
568,390
568,391
568,422
568,423
569,381
569,382
569,383
569,384
569,385
569,386
569,387
569,388
569,389
569,390
569,391
569,407
569,408
569,422
569,423
569,424
569,711
569,712
569,792
570,380
570,381
570,382
570,383
570,384
570,385
570,386
570,387
570,388
570,389
570,390
570,391
570,406
570,407
570,408
570,409
570,418
570,424
570,711
571,378
571,379
571,380
571,381
571,382
571,383
571,384
571,385
571,386
571,387
571,390
571,391
571,406
571,407
571,408
571,412
571,413
571,417
571,425
571,702
572,377
572,378
572,379
572,380
572,381
572,382
572,383
572,384
572,385
572,386
572,387
572,390
572,391
572,392
572,400
572,401
572,402
572,406
572,417
572,425
572,426
572,427
572,428
572,702
573,376
573,377
573,378
573,379
573,380
573,381
573,382
573,383
573,384
573,386
573,390
573,391
573,395
573,396
573,397
573,400
573,401
573,402
573,403
573,425
573,426
573,427
573,428
573,429
573,615
573,616
573,699
573,700
573,701
574,376
574,377
574,378
574,379
574,380
574,381
574,382
574,383
574,395
574,396
574,397
574,398
574,402
574,403
574,409
574,410
574,427
574,428
574,429
574,699
574,700
574,701
575,376
575,377
575,378
575,379
575,380
575,395
575,396
575,397
575,408
575,409
575,410
575,423
575,424
575,428
575,699
575,700
576,375
576,376
576,377
576,379
576,393
576,394
576,408
576,409
576,410
576,412
576,413
576,417
576,423
576,424
576,425
577,375
577,376
577,393
577,394
577,403
577,404
577,418
577,426
577,576
577,617
578,375
578,376
578,384
578,403
578,404
578,405
578,418
578,419
578,578
578,616
579,374
579,375
579,376
579,377
579,383
579,384
579,404
579,405
579,406
579,577
580,374
580,375
580,376
580,377
580,385
580,396
580,397
580,405
580,413
580,414
580,424
580,796
580,797
581,373
581,374
581,375
581,376
581,377
581,385
581,386
581,387
581,395
581,396
581,397
581,413
581,414
581,415
581,424
581,425
581,426
582,373
582,374
582,375
582,376
582,385
582,386
582,396
582,397
582,414
582,419
582,424
582,425
582,426
583,371
583,372
583,373
583,374
583,375
583,379
583,380
583,381
583,396
583,414
583,418
583,419
583,420
583,829
584,370
584,371
584,372
584,373
584,374
584,375
584,379
584,380
584,381
584,414
584,419
584,420
584,421
584,576
585,370
585,371
585,372
585,373
585,374
585,375
585,380
585,381
585,385
585,386
585,414
585,415
585,420
585,421
585,422
586,370
586,371
586,372
586,373
586,374
586,375
586,385
586,386
586,387
586,399
586,400
587,370
587,371
587,372
587,373
587,374
587,375
587,376
587,385
587,386
587,387
587,399
587,412
587,413
587,704
587,828
588,370
588,371
588,372
588,373
588,376
588,377
588,385
588,386
588,411
588,412
588,413
588,421
588,704
588,828
589,369
589,370
589,371
589,372
589,389
589,390
589,419
589,420
589,421
589,703
589,829
589,830
590,369
590,370
590,371
590,372
590,376
590,377
590,381
590,382
590,389
590,390
590,417
590,418
590,419
591,370
591,371
591,372
591,375
591,376
591,377
591,381
591,382
591,383
591,389
591,414
591,415
591,417
591,418
592,370
592,371
592,372
592,373
592,375
592,376
592,382
592,387
592,388
592,389
592,390
592,414
592,415
593,370
593,371
593,372
593,373
593,380
593,389
593,390
593,394
593,414
593,415
593,587
594,370
594,371
594,372
594,373
594,374
594,379
594,380
594,381
594,384
594,385
595,371
595,372
595,373
595,374
595,375
595,376
595,380
595,383
595,384
595,385
595,386
595,387
595,388
595,410
595,411
596,372
596,373
596,374
596,375
596,376
596,377
596,378
596,383
596,384
596,385
596,386
596,387
596,388
596,410
596,411
597,373
597,374
597,375
597,376
597,377
597,378
597,379
597,392
597,393
597,411
597,432
597,570
597,630
598,377
598,378
598,379
598,380
598,381
598,390
598,391
598,392
598,393
598,394
598,431
598,432
598,433
598,575
599,378
599,379
599,380
599,381
599,382
599,386
599,387
599,391
599,392
599,432
599,625
600,379
600,380
600,381
600,382
600,385
600,386
600,387
600,388
600,431
601,381
601,382
601,386
601,387
601,388
601,389
601,431
601,432
602,387
602,388
602,389
602,431
602,432
602,567
602,582
603,432
603,433
603,567
603,573
603,581
604,432
604,433
604,435
604,436
604,437
605,436
605,437
605,438
605,439
605,440
605,622
605,623
605,624
606,439
606,440
606,441
606,599
606,622
606,623
606,624
607,440
607,441
607,442
607,443
607,444
607,599
607,609
607,623
607,624
608,442
608,443
608,444
608,445
608,602
608,609
608,623
608,624
609,444
609,445
609,610
609,621
609,622
609,623
610,614
610,622
610,623
611,452
611,622
611,623
612,621
612,622
612,623
613,620
613,621
613,622
614,570
614,584
614,585
614,587
614,620
614,621
615,633
615,634
615,635
615,639
615,640
616,633
616,637
616,638
616,639
616,640
616,641
617,632
617,633
617,634
617,635
617,637
617,638
617,639
617,640
617,641
618,589
618,632
618,633
618,634
618,635
618,638
619,632
619,633
619,634
619,635
620,633
620,634
621,385
621,386
621,387
621,388
621,389
621,591
621,592
621,593
621,633
621,634
621,635
621,673
622,383
622,384
622,385
622,386
622,387
622,388
622,389
622,390
622,583
622,592
622,593
622,594
622,633
622,634
622,635
623,382
623,383
623,384
623,385
623,386
623,387
623,388
623,390
623,391
623,583
623,592
623,593
623,594
623,595
623,599
623,633
623,634
623,635
624,381
624,382
624,383
624,384
624,385
624,386
624,387
624,388
624,582
624,583
624,591
624,592
624,598
624,599
624,632
624,634
624,635
624,636
625,380
625,381
625,382
625,383
625,384
625,385
625,386
625,387
625,388
625,417
625,418
625,588
625,591
625,601
625,631
625,632
625,635
626,380
626,381
626,382
626,383
626,384
626,387
626,388
626,389
626,417
626,418
626,419
626,584
626,591
626,592
626,622
626,631
626,632
626,800
627,379
627,380
627,381
627,382
627,383
627,384
627,385
627,388
627,389
627,417
627,418
627,419
627,420
627,556
627,631
628,378
628,379
628,380
628,381
628,382
628,383
628,384
628,385
628,389
628,390
628,418
628,419
628,420
628,556
628,595
629,377
629,378
629,379
629,380
629,381
629,384
629,385
629,389
629,390
629,391
629,413
629,418
629,419
629,420
629,624
630,376
630,377
630,378
630,379
630,380
630,390
630,391
630,392
630,396
630,397
630,398
630,412
630,413
630,414
630,623
631,375
631,376
631,377
631,378
631,379
631,380
631,390
631,391
631,392
631,393
631,395
631,396
631,397
631,398
631,412
631,413
631,414
632,374
632,375
632,376
632,377
632,378
632,379
632,380
632,386
632,387
632,388
632,389
632,390
632,391
632,395
632,396
632,397
632,416
632,417
632,418
632,419
632,603
633,374
633,375
633,376
633,377
633,378
633,379
633,380
633,381
633,386
633,387
633,388
633,389
633,390
633,417
633,418
633,676
634,373
634,374
634,375
634,376
634,377
634,378
634,379
634,380
634,381
634,382
634,387
634,388
634,389
634,393
634,394
634,608
634,609
634,631
634,693
635,372
635,373
635,374
635,375
635,376
635,377
635,378
635,379
635,380
635,381
635,382
635,383
635,392
635,393
635,394
635,395
635,594
635,609
636,371
636,372
636,373
636,374
636,375
636,376
636,381
636,382
636,383
636,392
636,393
636,394
636,395
636,594
636,599
636,600
637,369
637,370
637,371
637,372
637,373
637,374
637,379
637,383
637,386
637,387
637,388
637,389
637,594
637,595
637,598
637,599
637,606
638,367
638,368
638,369
638,370
638,371
638,372
638,373
638,374
638,378
638,379
638,380
638,387
638,388
638,389
638,390
638,424
638,425
638,575
638,576
638,577
638,593
638,804
638,816
639,366
639,367
639,368
639,369
639,370
639,371
639,372
639,377
639,378
639,379
639,380
639,383
639,384
639,389
639,393
639,400
639,401
639,425
639,426
639,575
639,576
639,577
639,578
639,593
639,594
639,816
639,817
640,365
640,366
640,367
640,368
640,369
640,370
640,378
640,379
640,380
640,383
640,384
640,385
640,386
640,389
640,393
640,578
641,363
641,364
641,365
641,366
641,367
641,368
641,381
641,382
641,383
641,384
641,385
641,386
641,387
641,388
641,389
641,390
641,393
641,394
641,429
641,607
642,362
642,363
642,364
642,365
642,366
642,370
642,371
642,382
642,383
642,387
642,388
642,389
642,390
642,393
642,394
642,395
642,396
642,397
642,401
642,402
642,433
642,434
642,435
642,636
642,637
643,361
643,362
643,363
643,364
643,370
643,371
643,372
643,376
643,377
643,378
643,388
643,395
643,396
643,397
643,401
643,402
643,403
643,433
643,434
643,435
643,637
643,638
644,361
644,362
644,377
644,378
644,379
644,396
644,397
644,398
644,402
644,403
644,404
644,405
644,434
644,435
644,638
644,643
645,360
645,361
645,362
645,373
645,374
645,378
645,379
645,380
645,381
645,391
645,392
645,396
645,397
645,398
645,402
645,403
645,404
645,405
645,431
646,360
646,361
646,373
646,374
646,375
646,379
646,380
646,381
646,390
646,391
646,392
646,393
646,397
646,402
646,403
646,404
646,405
646,454
646,455
646,456
646,457
646,546
646,819
647,359
647,360
647,361
647,367
647,368
647,369
647,373
647,374
647,375
647,380
647,381
647,385
647,386
647,387
647,391
647,392
647,404
647,405
647,450
647,451
647,452
647,453
647,454
647,455
647,456
647,457
647,642
647,819
647,820
648,359
648,360
648,367
648,368
648,369
648,370
648,374
648,375
648,376
648,384
648,385
648,386
648,387
648,404
648,405
648,449
648,450
648,451
648,452
648,453
648,635
648,638
648,639
648,640
648,642
649,358
649,359
649,360
649,361
649,367
649,368
649,369
649,370
649,376
649,377
649,378
649,385
649,386
649,392
649,393
649,397
649,398
649,399
649,400
649,404
649,405
649,448
649,449
649,450
649,451
649,452
649,587
649,588
649,589
649,629
650,358
650,359
650,360
650,361
650,367
650,368
650,369
650,370
650,377
650,378
650,379
650,380
650,385
650,386
650,392
650,393
650,397
650,398
650,399
650,400
650,448
650,449
650,450
650,627
651,358
651,359
651,360
651,361
651,368
651,372
651,378
651,379
651,380
651,392
651,398
651,399
651,446
651,447
651,448
651,449
651,543
652,358
652,359
652,360
652,361
652,362
652,371
652,372
652,373
652,381
652,382
652,389
652,390
652,445
652,446
652,447
652,810
653,358
653,359
653,360
653,361
653,362
653,363
653,367
653,368
653,370
653,371
653,372
653,373
653,381
653,382
653,383
653,386
653,387
653,388
653,389
653,390
653,399
653,400
653,444
653,445
653,446
653,541
653,542
653,810
654,358
654,359
654,360
654,361
654,366
654,367
654,368
654,369
654,370
654,371
654,372
654,382
654,386
654,387
654,398
654,399
654,400
654,443
654,444
654,445
654,540
654,541
654,596
655,358
655,359
655,360
655,361
655,362
655,367
655,377
655,378
655,387
655,388
655,399
655,400
655,441
655,442
655,443
655,444
655,596
655,811
655,823
655,824
656,358
656,359
656,360
656,361
656,362
656,363
656,376
656,377
656,378
656,387
656,388
656,399
656,441
656,442
656,443
656,811
656,823
656,824
657,357
657,358
657,359
657,360
657,361
657,362
657,363
657,364
657,365
657,366
657,372
657,373
657,374
657,376
657,377
657,378
657,381
657,382
657,440
657,441
657,812
658,357
658,358
658,359
658,360
658,361
658,366
658,367
658,368
658,372
658,373
658,374
658,381
658,440
658,441
658,661
658,812
659,357
659,358
659,359
659,360
659,367
659,368
659,369
659,373
659,374
659,384
659,440
659,441
659,813
660,357
660,358
660,359
660,360
660,363
660,368
660,369
660,370
660,662
660,813
661,357
661,358
661,359
661,362
661,363
661,364
661,365
661,369
661,370
661,371
661,372
661,813
662,357
662,358
662,359
662,362
662,363
662,364
662,365
662,371
662,372
662,373
662,374
662,379
662,593
663,356
663,357
663,358
663,359
663,362
663,363
663,364
663,373
663,374
663,378
663,379
663,589
663,814
664,356
664,357
664,358
664,359
664,360
664,361
664,362
664,363
664,374
664,375
664,378
664,379
664,380
664,663
664,814
665,356
665,357
665,358
665,359
665,360
665,361
665,362
665,374
665,375
665,378
665,379
665,663
665,664
666,356
666,357
666,358
666,359
666,360
666,361
666,362
666,375
667,355
667,356
667,357
667,358
667,361
667,375
667,815
668,355
668,356
668,357
668,358
668,359
668,360
668,374
668,375
668,376
669,355
669,356
669,357
669,358
669,359
669,360
669,361
669,374
669,375
669,376
669,377
669,816
670,356
670,357
670,358
670,359
670,360
670,361
670,375
670,376
670,377
670,816
671,356
671,357
671,358
671,359
671,634
671,635
671,816
672,355
672,356
672,357
672,358
672,359
672,360
672,816
673,356
673,357
673,358
673,359
673,360
673,361
673,362
673,534
674,356
674,357
674,358
674,359
674,360
674,361
674,362
674,534
675,356
675,357
675,358
675,359
675,360
675,361
675,533
675,534
675,604
675,645
675,816
675,824
676,356
676,357
676,358
676,359
676,360
676,361
676,533
676,534
676,604
676,645
676,646
676,647
676,650
676,824
677,356
677,357
677,358
677,359
677,360
677,361
677,532
677,533
677,646
677,823
677,824
677,825
677,826
678,356
678,357
678,358
678,359
678,360
678,361
678,611
678,646
678,823
678,826
678,827
679,357
679,358
679,359
679,360
679,361
680,357
680,358
680,359
680,360
680,600
681,358
681,359
681,360
681,647
681,648
682,358
682,359
682,644
682,647
684,528
684,646
685,528
685,646
689,526
689,527
690,526
691,525
693,524
694,523
694,524
694,812
695,523
695,812
696,522
696,523
697,521
697,522
698,504
698,505
698,519
698,520
698,521
699,503
699,504
699,505
699,506
699,507
699,519
699,520
699,521
700,503
700,504
700,505
700,506
700,507
700,519
700,520
700,572
701,503
701,504
701,505
701,506
701,507
701,518
701,519
701,520
701,571
701,572
701,810
702,502
702,503
702,504
702,505
702,506
702,518
702,519
702,637
702,639
702,810
703,502
703,503
703,504
703,505
703,506
703,518
703,519
703,637
703,640
703,809
703,810
704,501
704,502
704,503
704,504
704,505
704,506
704,637
704,809
705,501
705,502
705,503
705,504
705,505
706,501
706,502
706,503
706,504
706,505
707,502
707,503
707,504
709,516
709,653
710,653
711,514
716,808
717,805
718,805
724,803
725,803
726,802
727,802
731,692
733,503
733,504
734,503
734,649
735,502
735,503
735,642
736,502
737,530
738,636
739,636
740,635
741,578
742,497
742,498
742,636
742,643
743,637
743,642
743,643
750,494
751,494
751,495
752,495
753,494
753,495
754,494
754,649
754,650
755,493
755,494
761,944
762,489
762,490
763,489
763,946
764,488
764,489
764,946
764,962
765,488
765,963
766,488
767,487
768,948
771,485
772,484
772,485
772,658
772,950
772,962
772,963
772,964
773,483
773,484
773,963
774,482
774,483
775,480
775,481
775,482
775,483
776,478
776,479
776,480
777,478
777,479
777,480
778,953
780,954
783,554
786,552
790,958
790,964
791,551
791,552
791,959
792,552
792,553
793,552
794,472
795,470
798,498
799,663
800,661
800,662
801,661
801,662
802,662
803,593
810,717
815,623
815,645
816,726
823,655
824,505
824,655
825,505
827,416
827,417
828,416
828,417
828,418
828,646
828,654
829,415
829,416
829,417
829,418
829,419
829,593
829,594
829,595
830,414
830,415
830,416
830,417
830,418
830,419
830,420
830,594
831,412
831,413
831,414
831,415
831,416
831,417
831,418
831,419
831,420
831,421
832,411
832,412
832,413
832,414
832,415
832,416
832,417
832,418
832,419
832,420
832,421
832,422
832,587
832,588
832,594
833,411
833,412
833,413
833,414
833,415
833,416
833,417
833,418
833,419
833,420
833,421
833,422
833,594
834,410
834,411
834,412
834,413
834,414
834,415
834,416
834,417
834,418
834,419
834,420
834,421
834,422
834,423
834,686
835,409
835,410
835,411
835,412
835,413
835,414
835,415
835,416
835,417
835,418
835,419
835,420
835,421
835,422
835,423
835,424
836,409
836,410
836,411
836,412
836,413
836,414
836,415
836,416
836,417
836,418
836,419
836,420
836,421
836,422
836,423
836,424
836,425
836,677
836,678
837,410
837,411
837,412
837,413
837,414
837,415
837,416
837,417
837,418
837,419
837,420
837,421
837,422
837,423
837,424
837,425
837,426
838,411
838,412
838,413
838,414
838,415
838,416
838,417
838,418
838,419
838,420
838,421
838,422
838,423
838,424
838,427
838,433
839,411
839,412
839,413
839,414
839,415
839,416
839,417
839,418
839,419
839,420
839,421
839,422
839,423
839,424
839,672
839,673
840,411
840,412
840,413
840,414
840,415
840,419
840,420
840,421
840,422
840,423
840,672
840,673
841,411
841,412
841,413
841,414
841,419
841,420
841,421
841,422
841,423
841,520
841,671
841,672
841,673
841,674
841,675
842,412
842,413
842,420
842,421
842,672
842,673
842,674
843,419
843,420
843,637
843,638
843,639
843,640
843,641
844,637
844,638
844,639
844,640
844,641
845,637
845,638
845,639
845,640
845,641
845,666
846,637
846,638
846,639
846,640
846,641
846,666
846,669
846,674
847,637
847,638
847,639
847,640
847,641
847,642
847,665
847,666
847,670
847,671
847,672
847,675
847,676
847,679
848,638
848,639
848,642
848,670
848,671
848,672
848,673
848,674
848,675
848,676
848,679
848,680
848,681
848,682
848,683
849,670
849,671
849,672
849,675
849,676
849,677
849,679
849,680
849,681
849,682
849,683
850,661
850,670
850,674
850,675
850,676
850,677
850,682
850,683
851,670
851,672
851,673
851,675
851,676
851,677
851,684
852,675
852,676
852,677
852,678
854,672
854,673
854,680
855,680
855,681
856,521
856,681
857,523
857,676
857,677
858,622
858,687
858,688
859,622
859,676
859,687
859,688
860,771
861,519
862,518
862,519
862,586
862,669
862,670
863,517
863,586
863,668
863,773
863,774
863,789
863,790
863,791
863,795
863,796
863,874
864,513
864,514
864,790
864,791
864,794
864,795
864,796
864,797
864,874
864,876
865,513
865,514
865,802
865,803
865,875
866,683
866,684
866,863
866,864
867,678
867,685
867,863
867,864
868,863
868,864
869,520
869,521
869,678
869,680
869,681
869,682
869,684
869,685
870,678
870,680
870,681
870,682
870,683
870,684
870,685
871,680
871,681
871,682
871,683
871,684
871,685
872,659
872,660
872,664
872,681
872,682
873,660
873,663
873,664
873,665
874,545
874,663
874,670
875,671
875,676
877,501
877,681
878,672
878,681
878,683
879,524
879,666
879,673
879,888
879,889
879,890
879,891
879,892
879,893
880,666
880,673
880,679
881,501
881,517
881,541
881,660
881,666
881,667
881,680
882,478
882,517
882,518
882,667
882,668
883,499
883,500
883,517
883,518
883,519
883,668
883,669
883,670
884,499
884,500
884,664
884,668
884,669
884,670
885,498
885,500
885,664
885,665
885,666
885,668
885,669
885,670
886,664
886,665
886,666
886,668
886,670
886,678
887,667
887,670
887,671
888,497
888,666
888,667
888,668
888,670
888,671
889,494
889,663
889,664
889,665
889,666
889,668
889,670
889,671
889,672
890,662
890,663
890,668
890,669
890,670
891,664
891,665
891,668
891,669
891,670
891,673
892,665
892,666
892,667
892,668
892,669
892,670
892,883
893,667
893,668
893,669
893,670
893,671
893,881
893,882
893,883
893,884
894,669
894,670
894,880
894,881
894,882
895,669
895,670
895,671
895,880
895,881
896,668
896,669
896,670
896,671
896,672
896,873
896,880
896,881
896,891
897,667
897,668
897,669
897,670
897,671
897,819
897,886
898,663
898,668
898,669
898,819
898,886
899,668
899,669
899,670
899,671
899,819
899,886
899,887
900,665
900,667
900,668
900,669
900,670
900,671
900,871
900,886
900,887
900,893
900,894
901,663
901,664
901,665
901,666
901,667
901,668
901,672
901,823
901,824
901,871
901,886
902,664
902,669
902,873
902,874
902,879
902,886
903,528
903,664
903,665
903,669
903,873
903,874
903,877
903,878
903,879
903,880
904,524
904,525
904,652
904,663
904,873
904,874
904,875
904,876
904,878
904,879
904,880
905,671
905,873
905,874
905,875
905,876
905,877
905,878
905,879
905,998
906,669
906,671
906,672
906,875
906,876
906,877
906,878
906,879
907,672
907,878
908,672
908,883
908,884
909,884
910,884
911,666
911,673
911,877
911,878
911,879
912,877
912,878
912,1049
913,1048
914,1056
915,672
915,680
915,681
915,1063
916,669
916,672
916,675
916,676
917,672
917,675
917,676
917,677
917,678
918,672
918,673
918,675
918,676
918,677
919,671
919,674
919,675
919,676
919,677
920,674
920,675
920,678
921,678
924,674
924,675
924,676
925,675
925,676
925,677
927,672
927,679
928,673
931,502
932,505
933,505
933,506
933,507
934,505
934,506
934,507
934,647
935,506
935,507
935,508
935,646
935,647
936,466
936,507
936,642
937,464
937,507
937,552
937,564
937,639
937,640
937,641
937,642
937,648
937,649
938,640
938,641
938,648
938,706
938,707
938,708
938,709
939,462
939,571
939,572
939,641
939,645
939,646
939,705
939,706
939,707
939,708
939,709
939,710
940,461
940,571
940,572
940,573
940,704
940,705
940,706
940,707
940,708
940,709
941,641
941,703
941,704
941,705
941,706
941,707
942,639
942,640
942,704
942,705
943,636
943,637
943,638
943,639
943,640
943,705
944,635
944,636
944,637
944,638
944,639
944,704
944,705
945,639
945,703
945,704
946,703
948,397
948,398
948,399
949,396
949,397
949,398
949,399
950,387
950,388
950,389
950,395
950,396
950,397
950,398
950,399
951,386
951,387
951,388
951,389
951,390
951,391
951,394
951,395
951,396
951,397
951,398
951,399
952,384
952,385
952,386
952,387
952,388
952,389
952,390
952,391
952,392
952,393
952,394
952,395
952,396
952,397
952,398
952,399
952,400
953,383
953,384
953,385
953,386
953,387
953,388
953,389
953,390
953,391
953,392
953,393
953,394
953,395
953,396
953,397
953,398
953,399
953,400
953,401
953,402
954,382
954,383
954,384
954,385
954,386
954,387
954,388
954,389
954,390
954,391
954,392
954,393
954,394
954,395
954,396
954,397
954,398
954,399
954,400
954,401
954,402
954,403
955,309
955,381
955,382
955,383
955,384
955,385
955,386
955,387
955,388
955,389
955,390
955,391
955,392
955,393
955,394
955,395
955,396
955,397
955,398
955,399
955,400
955,401
955,402
955,403
956,308
956,309
956,310
956,381
956,382
956,383
956,384
956,385
956,386
956,387
956,388
956,389
956,395
956,396
956,402
957,309
957,310
957,381
957,382
957,383
957,384
957,385
957,386
957,387
957,402
958,381
958,382
958,383
958,384
958,385
958,503
958,558
958,559
958,560
959,382
959,384
959,385
959,558
959,560
959,561
960,382
960,561
960,562
961,315
961,316
961,383
961,545
961,558
961,562
961,563
962,314
962,315
962,316
962,317
962,318
962,319
962,558
962,559
962,562
962,563
963,315
963,316
963,317
963,318
963,319
963,384
963,559
963,560
963,561
963,562
963,681
964,300
964,316
964,317
964,318
964,319
964,384
964,562
964,681
964,682
965,306
965,307
965,312
965,313
965,316
965,317
965,318
965,319
966,306
966,307
966,308
966,309
966,311
966,312
966,313
966,314
966,315
966,316
966,317
966,318
966,319
966,683
966,686
967,306
967,307
967,308
967,309
967,310
967,311
967,312
967,313
967,314
967,315
967,316
967,317
967,318
967,682
967,685
968,306
968,307
968,308
968,309
968,310
968,311
968,312
968,313
968,314
968,315
968,316
968,317
968,688
969,305
969,306
969,307
969,308
969,309
969,310
969,311
969,312
969,313
969,314
969,315
969,316
969,527
969,555
969,681
969,682
969,686
969,689
969,690
970,305
970,306
970,307
970,308
970,309
970,310
970,311
970,312
970,313
970,314
970,315
970,316
970,317
970,681
970,682
970,689
971,304
971,305
971,306
971,307
971,308
971,309
971,310
971,311
971,312
971,313
971,314
971,315
971,316
971,317
971,318
971,319
971,683
972,304
972,305
972,306
972,307
972,308
972,309
972,310
972,311
972,312
972,313
972,314
972,315
972,316
972,317
972,318
972,319
972,684
973,303
973,304
973,305
973,306
973,307
973,308
973,309
973,310
973,311
973,312
973,313
973,314
973,315
973,316
973,317
973,318
973,319
973,607
973,608
973,683
973,684
973,685
974,303
974,304
974,305
974,306
974,307
974,308
974,309
974,310
974,311
974,312
974,313
974,314
974,315
974,316
974,317
974,318
974,319
974,320
974,682
974,683
974,684
974,685
975,303
975,304
975,305
975,306
975,307
975,308
975,309
975,310
975,311
975,312
975,313
975,314
975,315
975,316
975,317
975,318
975,319
975,320
975,321
975,324
975,325
975,682
975,683
976,303
976,304
976,305
976,306
976,307
976,308
976,309
976,310
976,311
976,312
976,313
976,314
976,315
976,316
976,317
976,318
976,319
976,320
976,321
976,322
976,324
976,325
976,326
976,682
976,683
976,684
976,685
977,303
977,304
977,305
977,306
977,307
977,308
977,309
977,310
977,311
977,312
977,313
977,314
977,315
977,316
977,317
977,318
977,319
977,320
977,321
977,322
977,323
977,324
977,325
977,326
977,327
977,328
977,476
977,478
977,682
977,683
977,686
978,304
978,305
978,306
978,307
978,308
978,309
978,310
978,311
978,312
978,313
978,314
978,315
978,316
978,317
978,318
978,319
978,320
978,321
978,322
978,323
978,324
978,325
978,326
978,327
978,328
978,329
978,478
978,479
978,684
978,746
979,305
979,306
979,307
979,308
979,309
979,310
979,311
979,312
979,313
979,314
979,315
979,316
979,317
979,318
979,319
979,320
979,321
979,322
979,323
979,324
979,326
979,327
979,328
979,329
979,330
979,678
979,679
979,694
979,744
979,745
980,306
980,307
980,308
980,309
980,310
980,311
980,312
980,313
980,314
980,315
980,316
980,317
980,318
980,319
980,320
980,321
980,322
980,323
980,324
980,325
980,328
980,329
980,330
980,691
980,744
980,745
981,311
981,312
981,313
981,314
981,315
981,316
981,317
981,318
981,319
981,320
981,321
981,322
981,323
981,324
981,325
981,326
981,327
981,328
981,329
981,330
981,679
981,744
982,313
982,314
982,315
982,316
982,317
982,318
982,319
982,320
982,321
982,322
982,323
982,324
982,325
982,326
982,327
982,328
982,329
982,330
982,331
982,510
982,676
983,316
983,317
983,318
983,319
983,320
983,321
983,322
983,323
983,324
983,325
983,326
983,327
983,328
983,329
983,330
983,331
983,672
984,319
984,320
984,321
984,322
984,323
984,324
984,325
984,326
984,327
984,328
984,329
984,330
984,331
984,332
984,669
984,670
984,672
985,321
985,322
985,323
985,324
985,325
985,326
985,327
985,328
985,329
985,330
985,331
985,332
985,667
985,670
985,745
986,324
986,326
986,327
986,328
986,329
986,665
986,666
986,667
986,668
987,663
987,664
987,665
987,666
988,663
988,664
995,775
995,776
996,776
996,777
997,404
997,777
998,777
999,776
1002,551
1002,552
1003,553
1004,473
1004,569
1005,473
1011,677
1011,745
1011,746
1011,747
1012,747
1012,748
1013,678
1013,748
1014,565
1014,748
1015,576
1016,543
1016,575
1016,738
1017,543
1017,575
1017,576
1018,545
1018,559
1019,558
1019,559
1020,558
1023,413
1023,414
1024,415
1024,416
1024,417
1025,586
1026,421
1026,586
1047,787
1047,788
1047,789
1048,787
1048,788
1048,789
1048,790
1049,787
1049,788
1049,789
1051,789
1051,790
1051,791
1052,375
1052,789
1052,790
1053,899
1057,619
1073,646
1074,646
1074,647
1075,647
1078,787
1079,580
1080,580
1083,478
1093,708
1093,709
1094,542
1094,543
1095,473
1095,542
1095,543
1096,472
1096,474
1097,474
1098,792
1099,556
1099,793
1099,862
1099,863
1099,864
1100,862
1100,863
1100,864
1101,362
1101,863
1101,864
1109,542
1111,469
1112,423
1113,423
1129,827
1129,828
1130,827
1130,828
1130,829
1131,827
1131,829
1132,819
1132,820
1132,827
1132,828
1132,829
1133,818
1135,434
1136,833
1136,834
1136,835
1136,836
1137,407
1137,408
1139,410
1139,411
1140,410
1142,316
1143,316
1143,837
1143,838
1144,833
1144,834
1144,835
1144,836
1144,837
1145,827
1145,833
1145,834
1146,827
1146,833
1146,838
1146,839
1147,836
1147,837
1147,838
1147,839
1148,835
1148,836
1148,837
1148,838
1148,839
1149,835
1149,838
1149,839
1149,840
1150,839
1150,840
1151,839
1151,840
1152,835
1152,836
1152,837
1152,838
1153,835
1153,836
1154,839
1156,492
1156,688
1157,491
1157,492
1157,825
1158,490
1158,491
1158,492
1159,397
1159,490
1159,491
1159,492
1159,685
1159,686
1159,833
1160,395
1160,396
1160,397
1160,401
1160,488
1160,489
1160,490
1160,491
1160,853
1161,394
1161,395
1161,401
1161,488
1161,535
1161,836
1162,394
1162,535
1163,392
1163,394
1163,549
1163,835
1163,836
1164,392
1164,407
1164,874
1164,875
1165,388
1165,389
1165,406
1165,407
1165,409
1165,874
1165,875
1166,388
1166,389
1166,405
1166,408
1166,409
1166,442
1167,404
1167,408
1168,386
1172,400
1172,401
1177,729
1178,730
1181,477
1181,478
1182,477
1182,478
1182,828
1182,829
1182,830
1182,843
1183,479
1183,827
1183,828
1183,829
1183,830
1184,479
1184,480
1184,830
1185,478
1185,479
1186,474
1186,479
1186,481
1188,483
1188,484
1189,483
1189,484
1190,521
1191,522
1192,523
1197,518
1198,502
1198,519
1198,758
1199,502
1199,505
1200,483
1200,501
1200,502
1201,482
1201,501
1201,502
1201,503
1201,504
1201,505
1202,504
1202,505
1203,505
1204,528
1204,847
1205,525
1205,528
1206,525
1206,526
1206,825
1207,839
1207,840
1208,839
1209,532
1209,533
1209,534
1209,535
1209,819
1210,533
1210,534
1210,535
1211,535
1212,532
1213,532
1214,433
1220,450
1221,450
1222,742
1222,743
1224,501
1225,501
1226,540
1227,505
1227,540
1228,503
1228,504
1229,503
1229,504
1230,556
1231,505
1231,506
1231,507
1231,508
1232,506
1232,507
1232,508
1232,509
1233,507
1233,508
1233,509
1233,510
1234,508
1234,509
1234,510
1234,511
1235,509
1235,510
1239,499
1240,499
1241,510
1241,511
1242,509
1242,510
1242,511
1242,512
1243,510
1243,511
1244,502
1244,503
1245,502
1245,503
1246,372
1247,370
1247,375
1248,369
1248,375
1248,376
1249,368
1249,369
1249,376
1249,377
1249,378
1249,394
1250,378
1257,503
1258,503
1259,378
1259,379
1259,501
1259,503
1260,384
1260,494
1260,495
1260,503
1261,383
1261,384
1261,385
1261,494
1261,495
1261,496
1262,378
1262,379
1262,380
1262,383
1262,384
1262,385
1262,386
1262,493
1262,494
1262,495
1262,498
1263,378
1263,379
1263,380
1263,384
1263,385
1263,386
1263,494
1263,495
1263,506
1264,378
1264,379
1264,385
1264,386
1264,495
1264,506
1264,507
1265,505
1265,506
1266,505
1266,506
1267,505
1267,864
1270,495
1271,495
1271,496
1271,497
1272,496
1272,497
1272,852
1273,493
1274,490
1274,493
1274,494
1274,495
1274,496
1274,497
1275,486
1275,487
1275,489
1275,490
1275,491
1275,492
1275,493
1275,494
1275,495
1275,496
1276,487
1276,490
1276,491
1276,492
1276,494
1276,495
1276,496
1277,484
1277,487
1277,490
1277,491
1277,492
1277,493
1277,494
1277,495
1277,496
1278,482
1278,483
1278,484
1278,487
1278,488
1278,489
1278,490
1278,491
1278,492
1278,493
1278,494
1278,495
1278,496
1278,497
1278,502
1278,503
1279,482
1279,483
1279,484
1279,485
1279,486
1279,487
1279,488
1279,489
1279,490
1279,491
1279,492
1279,493
1279,494
1279,495
1279,496
1279,497
1279,498
1279,842
1280,482
1280,483
1280,484
1280,485
1280,487
1280,488
1280,489
1280,490
1280,491
1280,492
1280,493
1280,494
1280,495
1281,482
1281,483
1281,490
1281,491
1282,500
1283,500
1284,467
1284,498
1284,501
1285,498
1285,499
1285,500
1285,501
1285,506
1286,498
1286,499
1286,500
1286,501
1287,498
1287,499
1287,500
1288,499
1288,500
1292,454
1292,455
1292,456
1293,455
1293,456
1293,491
1293,492
1293,493
1294,484
1294,491
1294,492
1294,493
1295,483
1295,484
1295,490
1295,491
1295,492
1295,493
1296,490
1296,491
1296,492
1296,493
1297,491
1297,492
1297,493
1304,516
1305,349
1305,515
1307,351
1308,351
1308,352
1308,523
1308,524
1309,352
1309,520
1309,524
1310,353
1310,520
1310,521
1310,527
1311,353
1311,354
1311,519
1311,520
1311,528
1311,529
1311,530
1311,531
1312,354
1312,355
1312,531
1313,521
1313,522
1313,531
1314,522
1314,524
1314,530
1314,531
1314,532
1315,296
1315,297
1315,524
1315,525
1315,530
1315,531
1315,532
1316,523
1316,524
1316,525
1317,313
1317,374
1317,375
1317,524
1319,367
1319,368
1319,372
1320,367
1320,368
1320,369
1320,370
1320,371
1320,372
1320,534
1320,535
1321,368
1321,369
1321,370
1321,371
1321,372
1321,534
1321,535
1322,368
1322,369
1322,370
1322,371
1322,372
1322,534
1322,535
1323,369
1323,474
1324,474
1324,475
1325,475
1331,581
1338,351
1339,265
1341,264
1343,343
1343,378
1343,379
1344,342
1344,343
1345,345
1345,349
1346,345
1346,346
1346,347
1346,348
1346,349
1346,350
1346,351
1346,381
1347,345
1347,346
1347,349
1347,350
1347,351
1347,352
1348,261
1348,350
1348,351
1348,352
1349,336
1349,350
1349,351
1349,352
1350,337
1350,351
1350,352
1352,329
1352,330
1352,331
1352,364
1353,328
1353,329
1353,330
1354,328
1354,329
1354,330
1357,321
1357,322
1364,253
1365,324
1366,266
1366,267
1366,268
1366,736
1367,266
1367,267
1367,268
1367,269
1367,270
1367,271
1367,736
1368,265
1368,266
1368,267
1368,268
1368,269
1368,270
1368,271
1368,350
1369,264
1369,265
1369,266
1369,267
1369,268
1369,269
1369,270
1369,350
1369,351
1370,264
1370,265
1370,266
1370,267
1370,268
1370,269
1370,270
1370,375
1371,265
1371,266
1371,267
1371,268
1371,269
1371,270
1372,266
1372,267
1372,268
1372,269
1373,268
1373,367
1374,355
1375,347
1375,351
1376,346
1376,347
1376,350
1376,351
1376,352
1376,392
1377,344
1377,345
1377,347
1377,350
1377,351
1377,352
1377,396
1377,397
1378,342
1378,343
1378,344
1378,345
1378,346
1378,347
1378,348
1378,349
1378,350
1379,341
1379,345
1379,346
1379,347
1379,348
1379,349
1379,350
1379,371
1379,372
1380,348
1380,350
1380,370
1380,371
1380,372
1381,338
1381,339
1381,348
1381,349
1381,350
1381,370
1381,371
1381,372
1382,338
1382,339
1382,340
1382,348
1382,350
1382,370
1382,371
1382,372
1382,659
1382,660
1382,661
1382,662
1382,663
1383,339
1383,340
1383,341
1383,347
1383,348
1383,349
1383,369
1383,370
1383,371
1383,660
1384,339
1384,340
1384,348
1384,350
1384,351
1384,659
1384,660
1384,664
1384,665
1385,349
1385,655
1385,656
1385,659
1385,660
1385,663
1385,665
1386,654
1386,655
1386,656
1386,657
1386,663
1386,665
1387,654
1387,655
1387,663
1387,664
1387,665
1388,654
1388,665
1388,666
1388,667
1389,311
1390,657
1390,658
1390,659
1391,650
1391,657
1391,660
1392,235
1392,310
1392,650
1392,658
1392,660
1393,310
1393,650
1393,651
1393,652
1393,658
1393,660
1393,661
1393,662
1393,663
1394,651
1394,652
1394,653
1394,655
1394,659
1394,660
1394,661
1394,662
1395,652
1395,653
1395,661
1395,662
1396,319
1397,319
1400,324
1401,231
1401,324
1402,230
1403,229
1404,229
1405,228
1406,227
1406,228
1407,226
1407,227
1408,226
1409,225
1410,225
1410,293
1410,324
1410,325
1410,326
1410,327
1410,328
1410,329
1411,321
1411,324
1411,325
1411,327
1411,328
1411,329
1412,222
1412,223
1412,224
1412,318
1412,319
1412,320
1412,321
1412,322
1412,323
1412,326
1412,327
1412,328
1413,317
1413,318
1413,319
1413,320
1413,321
1413,322
1413,325
1413,326
1413,327
1413,328
1414,316
1414,317
1414,318
1414,319
1414,320
1414,321
1414,324
1414,325
1414,326
1414,327
1414,328
1415,316
1415,317
1415,318
1415,319
1415,320
1415,321
1416,315
1416,316
1416,317
1416,318
1416,319
1416,320
1417,317
1417,318
1417,319
1417,320
1418,314
1418,319
1418,320
1419,314
1419,315
1419,319
1419,320
1419,321
1420,320
1420,321
1420,322
1421,319
1421,320
1421,321
1421,325
1421,326
1422,320
1422,321
1422,322
1422,325
1422,326
1422,327
1423,320
1423,325
1423,328
1423,329
1424,314
1424,315
1424,329
1424,330
1425,309
1425,313
1425,320
1425,326
1425,327
1425,328
1425,329
1425,330
1426,313
1426,314
1426,315
1426,316
1426,317
1426,319
1426,320
1426,327
1426,328
1426,329
1427,315
1427,316
1427,317
1427,318
1427,319
1427,322
1427,328
1427,402
1428,316
1428,317
1428,318
1428,322
1428,324
1428,328
1428,331
1428,332
1429,317
1429,318
1429,319
1429,325
1429,330
1429,331
1429,332
1430,263
1430,317
1430,318
1430,319
1430,325
1430,326
1430,327
1430,330
1430,331
1431,310
1431,315
1431,316
1431,317
1431,318
1431,319
1431,329
1431,330
1432,315
1432,316
1432,317
1433,314
1433,315
1433,316
1434,314
1434,315
1434,316
1435,216
1435,315
1435,316
1435,323
1435,324
1435,325
1435,326
1436,216
1436,315
1436,316
1436,323
1436,324
1436,325
1437,215
1437,216
1437,316
1437,322
1437,323
1437,324
1438,316
1438,321
1438,322
1438,323
1439,316
1439,322
1439,323
1440,266
1440,267
1440,268
1440,323
1441,257
1441,266
1441,267
1442,213
1442,267
1443,267
1443,268
1445,211
1446,211
1447,210
1448,664
1449,209
1450,208
1451,208
1452,207
1452,266
1454,206
1454,662
1457,204
1457,262
1457,675
1460,259
1460,664
1461,258
1462,329
1462,330
1463,255
1463,329
1463,330
1464,253
1464,254
1465,262
1467,262
1469,272
1474,697
1476,348
1477,348
1477,349
1478,701
1479,702
1480,614
1480,703
1481,614
1486,251
1487,185
1487,251
1487,252
1493,358
1494,358
1497,258
1497,259
1499,493
1504,451
1507,704
1507,705
1514,706
1554,497
1559,638
1564,701
1564,703
1565,701
1566,702
1567,700
1570,635
