33,415
62,479
63,477
63,478
63,479
77,493
77,494
78,492
78,493
78,494
79,492
79,493
107,347
107,348
107,349
108,347
108,348
108,349
108,350
109,350
116,287
116,288
116,291
117,287
117,288
117,289
117,290
117,291
118,264
118,265
118,287
118,288
118,289
118,290
119,264
119,287
119,288
119,289
119,290
120,281
120,282
120,283
120,285
120,287
120,288
120,289
121,280
121,281
121,282
121,283
121,284
121,285
121,286
121,287
121,288
121,294
121,295
121,297
122,281
122,282
122,295
122,296
122,297
122,298
124,272
124,273
125,272
125,273
125,292
125,293
125,296
125,297
125,298
125,299
126,272
126,273
126,274
126,275
126,292
126,293
126,294
126,296
126,297
126,298
126,299
126,300
126,301
126,413
127,275
127,276
127,277
127,292
127,293
127,294
127,295
127,296
127,297
127,298
127,299
127,300
127,301
127,412
127,413
127,414
127,454
127,455
127,456
128,276
128,277
128,278
128,293
128,294
128,295
128,296
128,297
128,298
128,301
128,411
128,412
128,413
128,452
128,453
128,454
128,455
128,456
128,457
129,282
129,283
129,284
129,285
129,286
129,287
129,288
129,294
129,295
129,296
129,297
129,298
129,451
129,453
129,454
129,455
129,456
129,457
129,458
130,282
130,283
130,284
130,285
130,286
130,287
130,288
130,294
130,295
130,296
130,297
130,298
130,450
130,451
130,452
130,453
130,454
130,455
130,456
130,457
130,458
131,282
131,283
131,284
131,285
131,286
131,287
131,289
131,295
131,296
131,297
131,298
132,283
132,284
132,296
132,297
132,298
133,285
134,285
134,286
135,118
135,119
135,120
135,121
135,122
136,297
136,298
137,127
137,296
137,297
137,298
137,299
137,300
138,297
138,298
138,299
138,300
139,298
139,299
139,300
140,297
140,298
141,295
141,296
141,297
142,295
142,296
142,297
142,298
142,319
143,296
143,298
145,333
149,225
149,226
150,225
150,226
150,227
150,228
150,229
150,230
151,226
151,227
151,228
151,229
151,230
151,231
152,226
152,227
152,228
152,229
152,230
153,226
155,222
155,223
155,225
155,226
155,227
156,222
156,226
156,227
156,228
156,229
157,213
157,221
157,226
157,227
157,228
157,229
157,230
158,220
158,221
158,226
158,227
158,231
158,232
158,240
159,226
159,227
159,232
159,239
160,227
160,228
160,229
161,228
161,229
162,219
162,220
162,223
163,221
163,222
163,223
163,286
163,312
164,220
164,221
164,286
164,287
164,313
165,280
165,281
165,282
165,286
165,287
165,288
165,289
165,290
166,280
166,281
166,287
166,288
166,289
167,280
167,287
167,288
167,289
168,285
168,287
168,288
168,289
168,290
169,288
169,289
169,290
170,280
170,289
170,290
171,167
171,279
171,280
172,280
173,280
173,281
174,97
174,281
174,282
175,97
175,98
175,99
175,281
175,282
176,280
176,281
176,282
177,280
177,281
181,92
181,178
181,179
181,273
181,276
181,277
182,178
182,179
182,180
182,273
182,274
182,275
182,276
182,277
183,178
183,179
183,180
183,181
183,273
183,274
183,275
184,82
184,177
184,178
184,179
184,180
184,181
184,274
184,275
184,283
184,284
184,285
184,286
185,81
185,82
185,83
185,177
185,178
185,179
185,180
185,181
185,275
185,276
185,277
185,278
185,284
185,285
186,80
186,81
186,82
186,83
186,84
186,173
186,174
186,175
186,176
186,177
186,178
186,179
186,285
187,82
187,83
187,84
187,172
187,173
187,174
187,175
187,176
187,177
187,178
187,275
187,276
187,277
187,278
187,284
187,285
188,82
188,172
188,173
188,174
188,175
188,176
188,177
188,178
188,276
188,277
188,278
188,284
188,285
189,78
189,79
189,81
189,82
189,170
189,171
189,172
189,173
189,175
189,176
189,177
189,178
189,179
189,276
189,277
189,278
189,279
189,285
190,78
190,79
190,80
190,81
190,82
190,169
190,170
190,171
190,172
190,173
190,174
190,175
190,176
190,177
190,178
190,278
190,279
190,282
190,283
191,77
191,78
191,79
191,80
191,81
191,168
191,169
191,170
191,171
191,172
191,173
191,174
191,175
191,176
191,177
191,282
192,77
192,78
192,79
192,80
192,81
192,167
192,168
192,169
192,170
192,171
192,172
192,173
192,174
192,175
192,176
192,177
192,178
192,282
193,76
193,77
193,78
193,79
193,80
193,167
193,168
193,169
193,170
193,171
193,172
193,175
193,176
193,177
193,275
193,288
193,332
194,75
194,76
194,77
194,78
194,79
194,80
194,274
194,288
195,75
195,76
195,77
195,78
195,79
195,80
195,274
195,286
195,287
196,75
196,76
196,77
196,78
196,79
196,80
196,167
196,168
196,269
196,274
196,282
197,74
197,75
197,76
197,77
197,78
197,79
197,163
197,167
197,171
197,268
198,74
198,75
198,76
198,77
198,128
198,129
198,162
198,163
198,165
198,166
198,167
198,171
198,172
198,208
198,209
198,211
198,267
198,268
198,273
199,73
199,74
199,75
199,76
199,119
199,163
199,164
199,165
199,166
199,167
199,168
199,170
199,171
199,206
199,207
199,209
199,210
199,265
199,266
199,287
200,73
200,74
200,75
200,76
200,119
200,162
200,163
200,164
200,165
200,166
200,167
200,168
200,169
200,170
200,210
200,264
200,265
200,309
201,73
201,74
201,75
201,76
201,119
201,163
201,164
201,165
201,210
201,264
201,306
201,307
202,72
202,73
202,74
202,75
202,76
202,119
202,120
202,136
202,157
202,164
202,165
202,264
202,304
202,307
202,308
203,72
203,73
203,74
203,75
203,120
203,136
203,156
203,157
203,166
203,167
203,209
203,255
203,265
204,72
204,73
204,74
204,120
204,136
204,154
204,155
204,156
204,157
204,161
204,162
204,163
204,164
204,165
204,166
204,208
204,209
204,254
204,265
205,73
205,74
205,111
205,120
205,121
205,129
205,153
205,154
205,155
205,156
205,157
205,158
205,160
205,161
205,162
205,163
205,164
205,165
205,219
205,226
205,227
206,120
206,121
206,129
206,136
206,152
206,153
206,154
206,155
206,156
206,157
206,160
206,161
206,162
206,163
206,219
207,71
207,120
207,121
207,129
207,151
207,153
207,154
207,155
207,156
207,157
207,158
207,159
207,160
207,161
207,162
207,163
208,70
208,71
208,72
208,73
208,74
208,121
208,122
208,129
208,130
208,158
208,159
208,160
208,267
209,71
209,72
209,73
209,74
209,121
209,122
209,130
209,159
209,160
209,267
209,268
210,71
210,72
210,73
210,74
210,130
210,147
210,148
210,149
210,159
211,70
211,71
211,72
211,73
211,74
211,130
211,131
211,136
211,147
211,148
211,149
212,70
212,71
212,72
212,73
212,103
212,104
212,130
212,131
212,136
212,137
212,147
212,148
212,149
213,70
213,71
213,72
213,73
213,103
213,104
213,136
213,137
213,145
213,146
213,147
213,148
213,149
213,150
213,209
214,70
214,71
214,72
214,73
214,103
214,104
214,137
214,144
214,145
214,146
214,147
214,148
214,149
214,150
215,69
215,70
215,71
215,72
215,73
215,74
215,104
215,105
215,137
215,143
215,144
215,145
215,146
215,147
215,148
215,149
215,150
216,69
216,70
216,71
216,72
216,73
216,137
216,143
216,144
216,145
216,146
216,147
216,148
216,149
216,250
216,262
216,263
217,70
217,71
217,72
217,73
217,106
217,137
217,138
217,144
217,145
217,146
217,147
217,148
217,149
217,261
217,262
218,70
218,72
218,73
218,106
218,107
218,108
218,138
218,146
218,147
218,148
218,149
218,261
219,69
219,70
219,72
219,73
219,107
219,108
219,138
219,139
219,146
219,147
219,148
219,149
219,261
220,69
220,70
220,71
220,72
220,108
220,109
220,119
220,139
220,140
220,147
220,148
220,149
221,70
221,71
221,72
221,73
221,109
221,110
221,120
221,121
221,128
221,129
221,140
221,141
221,148
222,70
222,71
222,72
222,73
222,110
222,111
222,112
222,120
222,121
222,122
222,128
222,129
222,130
222,142
222,143
223,70
223,71
223,72
223,111
223,112
223,121
223,122
223,123
223,130
223,131
223,142
223,143
223,144
224,70
224,71
224,72
224,102
224,112
224,113
224,114
224,122
224,123
224,124
224,130
224,131
224,132
224,141
224,142
224,143
224,144
224,259
224,263
225,70
225,102
225,103
225,113
225,114
225,115
225,123
225,124
225,125
225,131
225,132
225,133
225,135
225,140
225,141
225,142
225,143
225,259
225,262
226,70
226,102
226,103
226,104
226,114
226,115
226,116
226,125
226,126
226,132
226,133
226,134
226,135
226,136
226,137
226,141
227,70
227,103
227,104
227,105
227,116
227,117
227,126
227,127
227,128
227,134
227,135
227,136
227,137
227,138
227,139
227,261
228,70
228,71
228,72
228,73
228,106
228,128
228,129
228,130
228,135
228,136
228,137
228,138
228,139
228,260
228,376
229,70
229,71
229,72
229,73
229,74
229,106
229,107
229,108
229,120
229,121
229,129
229,130
229,131
229,136
229,137
229,138
229,375
229,376
229,377
230,70
230,71
230,72
230,73
230,107
230,108
230,109
230,120
230,121
230,122
230,123
230,124
230,125
230,130
230,131
230,132
230,133
230,136
230,137
231,71
231,108
231,109
231,110
231,111
231,112
231,122
231,123
231,124
231,125
231,126
231,127
231,130
231,131
231,132
232,110
232,111
232,112
232,113
232,114
232,124
232,125
232,126
232,127
232,128
232,129
232,130
232,131
232,132
232,133
232,229
233,71
233,75
233,113
233,114
233,115
233,116
233,117
233,118
233,126
233,127
233,128
233,129
233,130
233,131
233,132
233,198
233,257
234,71
234,114
234,115
234,116
234,117
234,118
234,119
234,120
234,121
234,122
234,123
234,124
234,125
234,126
234,127
234,128
234,129
234,130
234,131
234,132
234,256
235,71
235,72
235,118
235,119
235,120
235,121
235,122
235,123
235,124
235,125
235,126
235,127
235,128
235,129
235,130
235,131
235,377
235,378
235,379
236,71
236,72
236,122
236,123
236,124
236,125
236,126
236,127
236,128
236,129
236,130
236,131
236,374
236,375
236,377
236,378
237,72
237,104
237,105
237,106
237,124
237,125
237,126
237,127
237,128
237,129
237,144
237,145
237,146
237,254
237,373
237,374
237,383
238,72
238,73
238,104
238,105
238,106
238,107
238,108
238,109
238,110
238,111
238,123
238,124
238,125
238,126
238,127
238,128
238,129
238,146
238,371
238,372
238,373
239,72
239,108
239,109
239,110
239,111
239,112
239,113
239,114
239,115
239,116
239,117
239,118
239,119
239,120
239,121
239,122
239,123
239,124
239,125
239,126
239,194
239,371
239,373
239,383
239,388
240,111
240,112
240,113
240,114
240,115
240,116
240,117
240,118
240,119
240,120
240,121
240,122
240,123
240,124
240,125
240,149
240,252
240,372
240,373
240,383
240,388
240,390
240,391
240,392
240,393
240,409
241,73
241,119
241,120
241,121
241,122
241,123
241,124
241,373
241,390
241,391
241,392
241,393
241,394
241,409
241,410
242,73
242,74
242,119
242,120
242,121
242,122
242,123
242,124
242,140
242,141
242,153
242,154
242,155
242,361
242,362
242,376
242,392
242,393
242,394
242,395
243,77
243,118
243,119
243,120
243,121
243,122
243,123
243,124
243,141
243,142
243,154
243,156
243,361
243,362
243,392
243,393
243,394
243,395
244,77
244,113
244,114
244,115
244,116
244,117
244,118
244,119
244,120
244,121
244,135
244,136
244,142
244,143
244,249
244,265
245,108
245,109
245,112
245,113
245,114
245,115
245,116
245,117
245,118
245,119
245,120
245,121
245,135
245,136
245,144
245,248
245,265
245,289
245,293
245,400
245,401
245,402
245,403
245,424
245,425
245,426
246,75
246,76
246,109
246,113
246,116
246,117
246,118
246,119
246,120
246,121
246,135
246,136
246,137
246,145
246,146
246,247
246,405
246,409
246,423
246,424
246,425
246,435
247,76
247,77
247,78
247,116
247,117
247,118
247,119
247,120
247,136
247,137
247,146
247,147
247,148
247,149
247,247
247,292
247,412
247,435
247,436
248,77
248,78
248,79
248,115
248,116
248,117
248,118
248,137
248,138
248,146
248,147
248,148
248,149
248,150
248,246
248,262
248,412
249,79
249,115
249,116
249,138
249,148
249,149
249,150
249,151
249,152
249,245
249,262
249,418
249,419
249,430
250,113
250,114
250,115
250,139
250,150
250,151
250,152
250,153
250,154
250,263
250,361
250,362
250,418
250,419
250,420
250,436
251,113
251,114
251,139
251,140
251,141
251,151
251,152
251,153
251,154
251,155
251,156
251,157
251,240
251,241
251,355
251,361
251,362
251,363
251,364
251,365
251,408
251,413
251,414
251,415
251,420
251,421
251,422
251,423
251,435
251,436
251,446
252,81
252,82
252,140
252,141
252,142
252,154
252,155
252,156
252,157
252,158
252,159
252,160
252,354
252,355
252,363
252,364
252,365
252,366
252,409
252,424
252,425
252,435
252,447
252,448
253,78
253,81
253,82
253,132
253,133
253,142
253,156
253,157
253,158
253,159
253,160
253,161
253,162
253,354
253,355
253,444
253,445
253,446
253,447
253,448
254,78
254,133
254,161
254,254
254,354
254,355
254,442
254,443
254,444
254,445
255,254
255,353
255,354
255,442
257,267
258,400
258,401
259,89
259,90
259,399
259,400
260,89
260,90
260,137
260,380
261,138
261,335
261,380
262,139
264,90
264,91
264,277
265,90
265,91
265,92
265,275
265,277
266,90
266,91
266,92
266,93
266,94
266,275
266,276
266,402
266,403
266,662
266,663
267,90
267,91
267,92
267,93
267,94
267,95
267,96
267,402
267,403
267,408
267,451
268,93
268,94
268,95
268,96
268,97
268,187
268,352
268,403
268,407
268,408
269,97
269,187
269,188
270,186
270,187
270,188
270,358
271,185
271,186
271,187
271,188
271,333
272,92
272,95
272,96
272,97
272,98
272,99
272,184
272,185
272,333
272,343
273,84
273,91
273,95
273,96
273,97
273,98
273,99
273,100
273,101
273,102
273,183
273,184
273,333
273,353
274,84
274,85
274,95
274,96
274,97
274,98
274,99
274,100
274,101
274,102
274,183
274,184
274,185
274,347
274,352
275,85
275,86
275,97
275,98
275,105
275,106
275,183
275,307
276,86
276,87
276,105
276,106
276,307
276,335
277,87
277,95
277,96
277,105
277,106
278,93
278,94
278,95
278,96
278,106
278,107
279,90
279,91
279,92
279,93
279,94
279,95
279,96
280,91
280,92
280,93
280,94
280,95
280,109
281,92
281,93
281,94
281,95
281,96
281,101
281,102
281,103
281,110
281,176
281,177
281,178
281,179
282,93
282,94
282,95
282,96
282,97
282,98
282,99
282,100
282,101
282,102
282,103
282,104
282,174
282,175
282,176
282,177
282,178
282,179
283,95
283,96
283,97
283,98
283,99
283,100
283,101
283,102
283,103
283,104
283,174
283,175
283,176
283,177
283,364
283,365
283,440
284,97
284,98
284,99
284,100
284,101
284,102
284,103
284,104
284,105
284,114
284,170
284,171
284,172
284,173
284,174
285,100
285,101
285,102
285,103
285,104
285,105
285,106
285,170
285,171
285,172
285,173
286,103
286,104
286,105
286,106
286,107
286,108
286,171
286,172
286,173
286,174
286,311
286,312
287,166
287,167
287,172
287,173
287,174
288,129
288,130
288,165
288,166
289,125
289,126
289,127
289,128
289,129
289,130
289,163
289,164
289,295
290,127
290,128
290,129
290,130
290,131
290,134
291,130
291,131
291,132
291,133
291,134
291,135
291,136
291,137
291,138
291,149
291,150
292,137
292,138
292,139
292,144
292,145
292,146
292,147
292,148
292,149
292,150
292,153
292,154
293,288
293,338
297,271
298,269
300,265
301,263
301,264
302,262
307,328
307,424
307,425
308,328
308,424
309,328
312,327
321,341
321,342
321,343
322,340
322,341
322,342
322,343
323,349
324,338
324,349
324,350
324,351
324,352
324,353
324,354
325,338
325,342
325,343
325,344
325,349
325,350
325,351
325,352
326,337
326,338
326,339
326,342
326,343
326,344
327,337
327,338
327,343
327,344
327,350
327,351
328,336
328,337
328,338
328,342
328,343
328,344
328,350
328,351
329,336
329,337
329,338
329,342
329,343
329,344
330,337
330,338
330,342
330,343
331,337
331,338
331,343
332,337
333,337
333,338
335,346
335,347
336,346
336,347
336,348
336,351
336,399
336,400
337,346
337,347
337,348
337,351
337,352
337,399
337,400
338,335
338,346
338,399
339,335
340,344
340,345
340,346
341,346
341,347
341,348
341,349
341,350
341,351
341,352
342,346
342,347
342,348
342,349
342,350
342,353
342,398
343,345
343,346
343,347
343,348
343,349
343,350
343,398
344,345
344,348
344,349
344,417
344,432
345,347
345,348
345,416
345,417
345,418
345,419
346,341
346,342
346,343
346,344
346,345
346,346
346,347
346,348
346,416
346,417
346,418
346,419
347,337
347,338
347,340
347,341
347,342
347,343
347,344
347,345
347,346
347,347
347,348
347,415
347,416
347,417
347,418
348,335
348,336
348,337
348,338
348,339
348,340
348,341
348,342
348,343
348,344
348,345
348,346
348,347
348,348
348,404
348,405
348,415
348,416
348,417
349,334
349,335
349,336
349,337
349,338
349,339
349,340
349,341
349,342
349,343
349,344
349,345
349,415
349,416
350,323
350,334
350,335
350,336
350,337
350,338
350,339
350,343
350,344
350,415
350,416
351,323
351,331
351,334
351,335
351,336
351,337
351,338
351,339
351,343
351,344
351,345
351,349
351,414
351,415
351,416
351,417
352,330
352,343
352,344
352,345
352,346
352,347
352,413
352,414
352,415
352,416
352,417
352,418
352,419
352,420
352,426
353,330
353,344
353,406
353,410
353,411
353,412
353,413
353,414
353,415
353,416
353,417
353,418
353,421
353,426
353,427
353,428
354,405
354,406
354,407
354,410
354,411
354,412
354,413
354,414
354,415
354,416
354,417
354,418
354,419
354,420
354,426
354,427
354,428
354,429
354,430
354,431
354,432
355,404
355,405
355,406
355,407
355,408
355,409
355,410
355,411
355,412
355,413
355,414
355,415
355,416
355,417
355,418
355,419
355,420
355,425
355,426
355,427
355,428
355,429
355,430
355,431
355,433
356,331
356,332
356,333
356,405
356,406
356,409
356,410
356,411
356,412
356,413
356,414
356,415
356,423
356,431
356,433
357,332
357,409
357,410
357,411
357,412
357,413
357,414
357,423
357,431
358,332
358,413
358,421
358,423
358,431
358,432
358,433
358,434
359,431
359,432
359,433
360,333
361,415
367,417
387,347
388,347
388,348
389,348
390,348
392,347
393,347
394,347
397,356
397,359
398,359
398,360
399,334
400,334
400,335
401,335
402,335
402,353
402,361
402,362
403,359
403,360
403,361
404,359
405,351
410,444
411,353
411,440
411,441
411,442
411,444
411,445
412,354
412,440
412,441
412,444
412,445
413,428
413,441
413,442
413,443
413,444
414,360
414,361
414,362
414,416
414,428
414,441
414,442
414,443
415,360
415,361
415,362
415,363
415,364
415,416
415,440
415,441
415,442
415,443
416,360
416,361
416,362
416,363
416,364
416,440
416,441
416,442
416,443
417,361
417,362
417,363
417,364
418,360
418,361
418,362
418,363
418,394
418,419
419,391
419,392
419,393
419,406
419,419
419,426
419,427
420,346
420,353
420,393
420,425
420,426
421,393
422,343
422,375
422,376
422,377
422,382
422,383
422,384
422,393
423,374
423,375
423,376
423,377
423,382
423,383
423,384
423,385
423,386
423,387
423,388
423,391
424,373
424,374
424,376
424,377
424,378
424,381
424,382
424,383
424,384
424,385
424,386
424,387
424,388
424,393
424,394
425,372
425,373
425,376
425,377
425,378
425,380
425,381
425,382
425,383
425,384
425,385
425,386
425,387
425,388
425,389
425,391
426,350
426,372
426,373
426,377
426,378
426,381
426,382
426,383
426,384
426,385
426,387
426,388
426,389
427,372
427,373
427,381
427,382
427,383
427,384
429,379
429,385
430,385
434,354
435,347
435,348
436,782
438,348
439,432
439,433
439,434
440,430
440,431
440,432
440,433
440,434
440,435
441,430
441,431
441,432
449,421
450,421
450,427
450,428
450,429
450,431
452,364
453,364
454,364
456,412
456,413
456,416
456,417
456,428
457,411
457,412
457,413
457,416
457,417
457,418
457,428
457,429
457,430
458,362
458,412
458,413
458,418
462,411
463,820
464,457
465,456
465,457
466,435
466,456
467,435
467,444
468,439
468,440
468,448
468,825
469,439
469,440
469,441
469,811
470,439
470,440
472,460
473,459
473,460
473,461
473,462
473,804
474,443
474,444
474,445
474,454
474,458
474,459
474,460
474,461
474,462
474,622
474,623
474,624
474,625
474,806
474,807
474,808
475,443
475,451
475,452
475,453
475,454
475,455
475,456
475,457
475,458
475,459
475,460
475,625
475,812
476,449
476,450
476,451
476,452
476,453
476,454
476,455
476,456
476,457
476,458
476,459
476,812
476,813
477,448
477,449
477,450
477,451
477,452
477,453
477,454
477,456
477,457
477,458
477,627
477,815
477,816
478,447
478,448
478,449
478,450
478,451
478,452
478,453
478,454
478,456
478,457
478,458
478,837
479,357
479,358
479,359
479,360
479,446
479,447
479,448
479,449
479,450
479,451
479,452
479,453
479,454
479,456
479,457
479,822
479,823
480,357
480,446
480,447
480,448
480,452
480,453
480,457
480,621
480,824
480,825
481,446
481,447
481,448
482,446
482,447
482,448
482,642
483,449
483,456
483,457
483,458
483,643
483,834
483,835
483,836
484,456
484,457
484,458
485,457
485,458
485,459
485,644
486,417
486,458
486,459
486,461
486,477
486,478
486,479
486,480
486,481
486,482
486,483
486,484
486,644
487,417
487,446
487,447
487,456
487,457
487,460
487,477
487,478
487,479
487,480
487,481
487,482
487,484
488,412
488,413
488,418
488,419
488,446
488,447
488,455
488,456
488,459
488,460
489,419
489,420
489,446
489,447
489,455
489,459
489,460
489,461
489,466
490,419
490,446
490,447
490,456
490,457
490,458
490,459
490,460
490,462
490,463
490,464
490,465
490,466
490,471
491,358
491,413
491,455
491,456
491,457
491,458
491,462
491,463
491,471
491,482
491,483
492,357
492,358
492,403
492,413
492,454
492,455
492,462
492,463
492,473
492,474
492,475
492,476
492,482
492,483
493,357
493,358
493,404
493,412
493,461
493,462
493,463
493,464
493,469
493,470
493,471
493,472
493,473
493,474
493,475
493,476
493,477
493,478
493,479
493,480
493,632
494,356
494,357
494,404
494,414
494,415
494,419
494,420
494,463
494,466
494,467
494,468
494,469
494,470
494,471
494,475
494,476
494,477
494,478
494,479
494,480
494,482
494,483
495,355
495,356
495,357
495,358
495,404
495,408
495,409
495,413
495,414
495,415
495,458
495,459
495,470
495,471
495,472
495,475
495,476
495,477
495,478
495,479
495,480
495,481
495,482
495,483
495,484
495,485
495,637
496,355
496,356
496,357
496,358
496,409
496,410
496,411
496,412
496,413
496,414
496,415
496,421
496,448
496,455
496,456
496,473
496,474
496,475
496,478
496,479
496,639
497,347
497,356
497,357
497,358
497,408
497,409
497,410
497,411
497,412
497,413
497,414
497,421
497,472
497,473
497,474
497,475
497,477
497,478
497,640
497,997
498,357
498,358
498,359
498,411
498,412
498,413
498,414
498,417
498,418
498,419
498,421
498,464
498,465
498,471
498,472
498,473
498,474
498,475
498,483
498,484
498,996
499,357
499,358
499,359
499,406
499,411
499,416
499,417
499,464
499,465
499,466
499,471
499,472
499,473
499,474
499,477
499,478
499,479
499,483
500,358
500,359
500,424
500,465
500,466
500,471
500,477
500,478
500,479
500,480
500,481
500,482
500,483
500,659
500,660
500,661
500,662
501,358
501,359
501,360
501,467
501,468
501,469
501,477
501,478
501,479
501,480
501,481
501,482
501,483
501,484
501,485
501,659
501,660
502,359
502,360
502,376
502,466
502,467
502,468
502,478
502,479
502,480
502,481
502,482
502,483
502,484
503,327
503,359
503,360
503,376
503,377
503,403
503,404
503,405
503,479
503,480
503,481
503,482
503,483
503,484
504,359
504,360
504,377
504,404
504,405
504,478
504,480
504,482
504,483
504,484
504,986
505,405
505,477
505,478
505,494
505,495
505,985
506,361
506,405
506,477
506,497
507,361
507,476
507,477
507,478
507,496
507,497
508,407
508,477
508,478
508,479
508,496
509,341
509,407
509,478
509,479
510,310
510,980
511,485
511,486
511,487
511,979
512,484
512,485
512,486
512,487
514,294
514,376
514,377
514,378
514,426
515,376
515,377
515,378
515,410
515,426
516,499
517,293
517,371
517,372
517,430
517,498
517,499
517,500
518,293
518,356
518,371
518,372
518,373
518,375
518,499
519,341
519,342
519,343
520,337
520,341
520,342
520,343
520,344
520,345
520,346
520,350
520,351
521,332
521,342
521,343
521,345
521,346
521,347
521,348
521,349
521,350
522,342
522,347
522,373
523,342
523,371
523,372
523,373
524,341
524,342
524,369
524,370
525,340
525,369
526,292
526,339
526,340
527,339
527,361
527,362
528,339
528,359
528,360
528,361
529,292
529,337
529,338
529,339
529,357
529,358
529,359
529,360
529,361
530,338
530,360
530,668
532,351
532,352
532,951
533,340
533,341
533,342
533,351
533,352
533,372
534,339
534,340
534,342
534,343
534,344
534,345
534,346
534,347
534,350
534,351
534,352
534,372
534,948
535,343
535,344
535,345
535,346
535,347
535,348
535,349
535,350
535,351
535,352
535,373
535,374
536,346
536,347
536,348
536,349
536,350
536,351
536,373
536,374
536,375
536,450
537,347
537,348
537,349
537,350
537,373
537,374
537,375
537,449
537,450
537,451
537,455
537,456
537,457
537,944
538,348
538,349
538,350
538,374
538,375
538,449
538,450
538,451
538,452
538,453
538,454
538,458
539,374
539,375
539,376
539,448
539,449
539,450
539,451
539,452
539,453
540,376
540,400
540,448
541,377
541,400
541,459
542,377
542,378
542,453
542,454
542,458
542,459
542,460
543,375
543,376
543,451
543,454
543,458
543,459
544,295
544,376
544,380
544,381
544,452
544,453
544,454
544,455
545,295
545,357
545,377
545,379
545,380
545,381
545,382
545,441
545,452
545,453
545,454
545,457
545,458
546,295
546,296
546,357
546,441
546,452
546,453
546,454
546,457
546,458
547,296
548,297
548,370
548,394
549,297
549,369
549,370
549,411
549,412
549,439
549,448
549,449
550,297
550,298
550,432
550,433
550,434
551,297
551,298
551,433
552,298
552,436
552,437
553,396
553,436
553,437
554,436
556,300
556,424
556,425
557,438
558,301
558,437
558,438
559,302
559,398
559,437
559,438
560,303
560,438
560,907
561,304
561,399
562,340
562,399
562,400
563,305
563,339
563,340
563,400
563,418
563,419
564,306
564,340
564,341
564,342
564,418
564,419
565,307
565,342
565,343
565,419
565,442
566,308
566,360
566,401
567,344
567,345
567,346
567,402
568,310
568,311
568,345
568,346
569,311
569,312
570,312
570,313
570,336
570,358
570,422
571,313
571,336
571,357
571,423
572,335
572,356
572,357
573,355
573,356
574,354
574,355
574,439
574,440
575,354
575,439
575,440
576,425
576,439
577,357
577,425
577,439
578,441
578,443
583,466
588,486
588,487
588,488
589,486
589,487
589,488
590,486
590,487
591,485
591,486
591,487
592,468
593,467
593,468
593,852
594,467
594,468
594,469
594,483
594,484
594,485
594,851
594,852
595,469
595,470
595,482
595,483
595,484
595,485
595,828
595,829
595,850
596,469
596,470
596,471
596,483
596,484
596,485
596,486
596,487
596,828
596,829
596,849
597,469
597,470
597,471
597,485
597,486
597,487
597,488
597,847
598,469
598,470
598,489
598,490
599,465
599,466
599,471
599,472
599,487
599,490
600,471
600,472
600,490
601,471
601,472
601,488
601,490
602,472
602,487
602,488
602,489
602,840
603,488
603,489
603,846
604,823
605,426
605,530
605,822
605,823
605,851
606,529
606,822
606,823
606,824
606,855
606,856
606,863
607,529
607,823
607,857
607,867
607,868
607,869
608,529
608,867
608,868
608,869
609,511
610,485
610,503
610,511
610,854
610,855
610,856
611,860
612,419
612,505
612,861
612,862
612,863
613,854
613,855
613,862
613,863
614,854
614,855
614,856
614,863
615,505
615,506
615,854
615,855
615,856
615,863
616,505
616,506
618,508
618,818
619,817
619,850
620,816
620,850
620,858
620,859
620,860
620,865
620,866
621,436
621,814
621,815
621,859
621,860
621,865
621,866
621,867
621,868
622,502
622,860
622,861
622,867
622,868
623,463
623,466
623,858
623,859
623,860
623,861
623,868
624,463
624,464
624,465
624,466
624,856
624,857
624,858
624,859
624,860
624,861
625,856
625,857
625,858
625,859
626,457
626,458
626,533
626,534
626,535
626,808
626,857
626,858
627,457
627,458
627,459
627,461
627,462
627,472
627,533
627,534
627,535
627,536
627,864
628,458
628,459
628,460
628,461
628,462
628,520
628,534
628,805
628,863
628,864
628,865
629,458
629,459
629,460
629,462
629,464
629,804
630,458
630,459
630,463
630,464
630,538
630,539
631,459
631,460
631,539
632,457
632,459
632,460
632,473
632,512
633,452
633,472
633,473
633,474
633,540
634,451
634,452
634,473
635,451
635,452
635,481
635,795
636,452
636,455
636,460
636,470
636,794
637,459
637,470
638,470
638,471
640,493
640,789
641,492
642,471
642,492
643,761
644,496
645,782
647,483
648,459
648,778
649,459
649,472
649,473
649,777
650,457
650,458
650,459
650,460
650,547
650,548
650,549
651,457
651,458
651,459
651,460
651,546
651,547
651,773
651,774
652,547
652,772
652,773
653,485
654,484
654,485
654,769
655,768
656,766
656,767
656,768
656,769
657,436
657,483
657,765
658,764
658,819
659,813
660,761
663,504
663,505
664,674
664,675
665,501
666,501
666,753
667,752
667,757
668,750
668,756
668,757
669,749
670,440
671,573
675,579
675,580
676,579
676,580
676,739
677,572
677,738
677,739
678,571
678,572
678,597
679,571
679,572
679,596
686,677
687,444
687,676
688,722
691,669
702,633
703,633
703,634
704,634
704,635
705,454
705,635
706,454
707,287
707,288
707,289
707,455
708,286
708,287
708,288
708,455
708,456
709,286
709,287
709,288
709,455
710,285
710,286
710,287
710,288
710,308
710,309
710,310
710,640
711,286
711,287
711,288
711,299
711,300
711,301
711,302
711,303
711,304
711,305
711,306
711,307
711,308
711,309
711,310
712,286
712,287
712,288
712,289
712,298
712,299
712,300
712,301
712,302
712,303
712,304
712,305
712,306
712,307
712,308
712,309
713,286
713,287
713,288
713,289
713,305
713,306
713,307
713,308
713,309
714,286
714,287
714,288
715,286
715,287
715,288
715,295
715,303
715,307
715,308
715,309
715,310
715,457
715,670
716,285
716,286
716,287
716,288
716,294
716,295
716,296
716,299
716,302
716,306
716,307
716,308
716,678
717,285
717,286
717,287
717,288
717,289
717,299
717,670
718,285
718,286
718,289
718,299
718,300
718,312
718,313
718,670
718,683
719,284
719,285
719,288
719,289
719,299
719,300
719,310
719,311
719,312
719,313
719,458
719,681
720,283
720,284
720,285
720,288
720,289
720,296
720,306
720,311
720,312
720,352
721,283
721,284
721,295
721,296
721,303
721,304
721,305
721,306
721,350
721,351
722,282
722,283
722,284
722,292
722,303
722,305
722,459
722,460
722,677
722,682
722,683
722,684
722,685
722,686
723,282
723,283
723,291
723,292
723,293
723,299
723,309
723,310
723,344
723,345
723,460
723,671
723,672
723,682
723,683
723,684
724,281
724,282
724,283
724,284
724,290
724,291
724,292
724,293
724,296
724,299
724,300
724,308
724,309
724,310
724,311
724,312
724,313
724,342
724,343
724,344
724,345
724,346
724,644
724,645
724,646
724,669
724,670
724,671
724,672
724,680
724,681
724,682
724,693
724,694
725,280
725,281
725,282
725,283
725,284
725,291
725,292
725,296
725,297
725,299
725,300
725,308
725,309
725,310
725,311
725,328
725,329
725,339
725,340
725,341
725,342
725,343
725,344
725,669
725,670
725,671
725,672
725,693
726,279
726,280
726,281
726,282
726,283
726,284
726,292
726,296
726,297
726,298
726,302
726,303
726,304
726,305
726,328
726,329
726,337
726,338
726,339
726,340
726,341
726,632
726,669
726,670
727,279
727,280
727,281
727,282
727,283
727,296
727,297
727,302
727,303
727,304
727,305
727,314
727,315
727,329
727,336
727,337
727,338
727,461
727,669
727,670
727,671
727,677
727,678
727,679
727,680
727,681
727,685
727,686
728,278
728,279
728,280
728,281
728,282
728,306
728,307
728,314
728,330
728,331
728,332
728,333
728,335
728,336
728,649
728,675
728,676
728,677
728,678
728,679
728,680
728,681
728,684
729,278
729,279
729,280
729,281
729,282
729,288
729,289
729,290
729,291
729,292
729,306
729,307
729,308
729,313
729,314
729,331
729,332
729,333
729,334
729,649
729,674
729,675
729,676
729,677
729,678
729,680
729,681
730,277
730,278
730,279
730,280
730,281
730,288
730,289
730,290
730,291
730,292
730,307
730,313
730,314
730,332
730,333
730,334
730,462
730,675
730,683
731,277
731,278
731,279
731,288
731,289
731,294
731,295
731,296
731,297
731,307
731,308
731,313
731,314
731,462
731,674
731,675
732,277
732,278
732,294
732,295
732,296
732,297
732,307
732,308
732,309
732,462
732,673
732,674
732,675
732,680
732,689
732,690
732,691
732,692
732,697
732,698
733,276
733,277
733,278
733,279
733,287
733,288
733,307
733,308
733,311
733,312
733,313
733,461
733,462
733,463
733,670
733,672
733,673
733,674
733,675
733,676
733,692
733,696
734,275
734,276
734,277
734,278
734,279
734,286
734,287
734,288
734,311
734,312
734,313
734,462
734,463
734,659
734,671
734,676
734,685
734,686
735,275
735,276
735,277
735,278
735,279
735,280
735,281
735,286
735,287
735,312
735,313
735,462
735,463
735,670
735,685
735,699
736,275
736,276
736,277
736,278
736,279
736,280
736,281
736,282
736,286
736,462
736,463
736,669
736,678
736,684
736,694
736,698
736,699
736,700
737,274
737,275
737,276
737,277
737,278
737,279
737,280
737,281
737,282
737,286
737,287
737,463
737,464
737,683
737,696
737,697
737,698
737,699
738,274
738,275
738,276
738,277
738,278
738,281
738,282
738,286
738,287
738,291
738,292
738,293
738,683
738,696
738,697
738,698
738,699
739,273
739,274
739,275
739,276
739,277
739,278
739,286
739,287
739,291
739,292
739,293
739,311
739,312
739,313
739,696
739,697
739,698
739,699
740,273
740,274
740,275
740,276
740,277
740,278
740,279
740,291
740,292
740,293
740,297
740,298
740,312
740,313
740,695
740,697
740,698
741,273
741,274
741,275
741,276
741,277
741,278
741,279
741,297
741,298
741,381
742,273
742,274
742,275
742,276
742,277
742,380
742,381
742,703
742,704
743,272
743,273
743,274
743,275
743,276
743,277
743,379
743,380
743,702
743,703
743,704
744,272
744,273
744,274
744,275
744,276
744,277
744,378
744,379
744,380
744,472
744,702
744,703
745,272
745,273
745,274
745,275
745,276
745,378
745,379
745,654
745,702
745,703
746,272
746,273
746,274
746,275
746,276
746,281
746,282
746,284
746,285
746,377
746,378
746,379
746,697
746,698
747,272
747,273
747,274
747,275
747,276
747,281
747,282
747,284
747,285
747,377
747,378
747,379
747,651
747,699
748,272
748,273
748,274
748,275
748,276
748,376
748,377
748,378
748,379
748,649
748,650
748,651
749,273
749,274
749,275
749,288
749,289
749,292
749,293
749,377
749,378
749,648
749,649
749,650
749,651
750,273
750,274
750,275
750,287
750,288
750,289
750,292
750,293
750,294
750,377
750,378
750,647
750,648
750,649
750,650
750,651
750,652
750,653
751,273
751,274
751,275
751,277
751,282
751,283
751,287
751,288
751,289
751,294
751,295
751,377
751,378
751,453
751,647
751,648
751,649
751,650
751,651
751,652
752,274
752,275
752,276
752,277
752,278
752,281
752,282
752,283
752,284
752,288
752,289
752,293
752,294
752,295
752,377
752,378
752,648
752,649
752,650
752,651
752,652
752,686
752,687
752,688
753,275
753,276
753,277
753,278
753,281
753,282
753,283
753,284
753,293
753,294
753,295
753,301
753,302
753,377
753,378
753,649
753,650
753,651
753,686
753,687
753,688
753,689
753,690
753,691
754,275
754,276
754,277
754,278
754,283
754,300
754,301
754,302
754,341
754,362
754,377
754,378
754,684
754,687
754,689
755,275
755,276
755,277
755,278
755,288
755,295
755,296
755,300
755,301
755,338
755,339
755,340
755,341
755,342
755,361
755,362
755,363
755,377
755,378
755,683
755,684
755,693
755,694
755,698
756,276
756,277
756,278
756,279
756,287
756,288
756,289
756,290
756,293
756,294
756,295
756,296
756,300
756,337
756,338
756,339
756,340
756,341
756,342
756,361
756,362
756,363
756,376
756,377
756,693
756,695
756,697
756,698
756,699
757,276
757,277
757,278
757,279
757,280
757,288
757,289
757,292
757,293
757,294
757,295
757,341
757,342
757,357
757,358
757,361
757,362
757,376
757,377
757,698
757,699
757,700
757,701
757,702
758,276
758,277
758,278
758,279
758,280
758,281
758,282
758,283
758,293
758,294
758,295
758,299
758,300
758,301
758,352
758,353
758,357
758,376
758,377
758,378
758,698
758,699
758,702
758,703
758,704
758,853
759,276
759,277
759,278
759,279
759,280
759,281
759,284
759,285
759,289
759,290
759,293
759,294
759,297
759,298
759,299
759,300
759,301
759,343
759,344
759,352
759,353
759,354
759,361
759,362
759,376
759,377
759,695
759,696
759,697
759,698
759,699
759,700
759,702
759,703
759,852
759,853
759,854
759,855
759,856
760,276
760,277
760,278
760,279
760,280
760,284
760,285
760,289
760,290
760,297
760,298
760,299
760,300
760,301
760,339
760,342
760,343
760,344
760,376
760,377
760,695
760,696
760,697
760,698
760,699
760,700
760,701
760,702
760,703
760,704
761,276
761,277
761,278
761,279
761,280
761,284
761,285
761,289
761,290
761,338
761,339
761,341
761,342
761,343
761,377
761,378
761,686
761,690
761,696
761,697
761,699
761,700
761,701
761,702
761,703
761,704
761,705
761,706
761,707
762,277
762,278
762,279
762,280
762,281
762,284
762,285
762,291
762,292
762,293
762,294
762,295
762,337
762,338
762,339
762,377
762,378
762,379
762,699
762,700
762,701
762,702
762,703
762,704
762,705
762,706
762,707
762,708
763,278
763,279
763,280
763,281
763,282
763,283
763,288
763,289
763,290
763,291
763,292
763,293
763,294
763,295
763,296
763,338
763,378
763,379
763,685
763,699
763,700
763,701
763,703
763,704
763,705
763,706
763,707
763,708
763,709
764,279
764,280
764,281
764,282
764,283
764,284
764,285
764,286
764,287
764,288
764,289
764,290
764,291
764,292
764,293
764,294
764,295
764,296
764,698
764,699
764,700
764,702
764,703
764,704
764,705
764,706
764,707
764,708
764,709
764,711
764,712
764,823
764,824
765,279
765,280
765,281
765,282
765,283
765,284
765,285
765,286
765,287
765,288
765,289
765,290
765,291
765,292
765,380
765,698
765,699
765,701
765,706
765,707
765,708
765,709
765,710
765,711
765,712
765,821
766,281
766,282
766,283
766,284
766,285
766,286
766,287
766,288
766,381
766,706
766,707
766,708
766,709
766,710
766,711
766,765
766,766
766,820
767,282
767,283
767,284
767,285
767,286
767,287
767,701
767,702
767,708
767,709
767,710
767,711
767,716
767,764
767,820
768,475
768,708
768,709
768,710
768,763
768,764
768,765
768,766
768,820
768,829
768,830
769,474
769,700
769,708
769,709
769,710
769,711
769,763
769,764
769,765
769,766
769,820
769,987
769,988
769,989
769,990
770,707
770,708
770,709
770,710
770,711
770,712
770,713
770,721
770,722
770,729
770,763
770,764
770,765
770,820
770,988
770,989
771,475
771,606
771,607
771,707
771,715
771,716
771,717
771,729
771,764
771,765
771,821
772,315
772,316
772,317
772,328
772,606
772,607
772,647
772,707
772,709
772,716
772,717
772,718
772,719
772,720
772,721
773,314
773,315
773,316
773,317
773,318
773,327
773,328
773,329
773,609
773,708
773,709
773,710
773,720
773,721
773,727
773,728
773,729
774,313
774,314
774,315
774,316
774,327
774,328
774,609
774,709
774,726
774,727
774,728
774,729
774,734
774,735
775,313
775,314
775,315
775,316
775,327
775,328
775,726
775,727
775,728
775,729
775,733
776,312
776,313
776,314
776,315
776,316
776,317
776,318
776,319
776,320
776,327
776,328
776,725
776,727
776,728
776,729
776,730
776,731
776,732
777,312
777,313
777,314
777,315
777,316
777,317
777,318
777,319
777,320
777,321
777,322
777,323
777,324
777,325
777,336
777,337
777,343
777,604
777,723
777,724
777,725
777,727
777,728
777,729
777,853
777,854
777,855
778,312
778,313
778,314
778,315
778,321
778,322
778,323
778,324
778,328
778,329
778,330
778,336
778,339
778,340
778,341
778,342
778,343
778,344
778,604
778,723
778,724
778,727
778,728
778,733
778,736
779,311
779,312
779,313
779,314
779,315
779,316
779,323
779,324
779,327
779,328
779,329
779,330
779,338
779,339
779,340
779,341
779,342
779,343
779,344
779,345
779,346
779,603
779,721
779,722
779,723
779,725
779,727
779,728
780,311
780,312
780,313
780,314
780,315
780,316
780,317
780,318
780,322
780,323
780,324
780,328
780,329
780,341
780,342
780,343
780,344
780,345
780,346
780,724
780,725
780,726
780,727
780,732
780,733
780,736
781,311
781,312
781,313
781,314
781,315
781,316
781,317
781,318
781,321
781,322
781,323
781,324
781,335
781,336
781,345
781,346
781,732
781,733
781,734
781,736
782,312
782,313
782,314
782,315
782,316
782,317
782,321
782,322
782,323
782,324
782,331
782,332
782,335
782,336
782,337
782,338
782,731
782,732
782,733
783,312
783,313
783,314
783,315
783,322
783,323
783,331
783,332
783,333
783,334
783,335
783,336
783,337
783,338
784,313
784,314
784,315
784,325
784,326
784,327
784,328
784,332
784,333
784,336
784,337
784,338
784,342
784,343
784,731
784,732
784,733
785,313
785,314
785,315
785,316
785,324
785,325
785,326
785,327
785,328
785,341
785,342
785,343
785,899
786,312
786,313
786,314
786,315
786,316
786,317
786,324
786,325
786,329
786,330
786,341
786,342
786,343
786,898
786,899
786,900
787,312
787,313
787,314
787,315
787,316
787,317
787,318
787,319
787,320
787,321
787,322
787,328
787,329
787,330
787,334
787,335
787,341
787,342
787,343
787,344
787,345
787,346
787,480
787,481
787,482
787,898
787,899
787,900
788,312
788,313
788,314
788,315
788,316
788,317
788,318
788,319
788,320
788,321
788,322
788,323
788,324
788,325
788,326
788,327
788,328
788,329
788,330
788,334
788,335
788,336
788,345
788,346
788,347
788,481
788,482
788,898
788,899
788,902
788,903
789,312
789,313
789,314
789,315
789,316
789,317
789,318
789,319
789,320
789,324
789,325
789,326
789,327
789,328
789,334
789,335
789,338
789,339
789,345
789,346
789,347
789,482
790,312
790,313
790,314
790,315
790,316
790,317
790,324
790,325
790,326
790,337
790,338
790,339
790,483
790,529
790,844
790,845
790,846
791,313
791,314
791,315
791,316
791,317
791,320
791,321
791,322
791,324
791,325
791,326
791,338
791,483
791,846
792,313
792,314
792,315
792,316
792,317
792,320
792,321
792,322
792,323
792,324
792,325
792,326
792,331
792,332
793,313
793,314
793,315
793,316
793,320
793,321
793,322
793,331
793,332
793,333
793,338
793,848
794,313
794,314
794,315
794,316
794,331
794,332
794,333
794,337
794,338
794,623
795,313
795,314
795,315
795,316
795,324
795,326
795,327
795,331
795,332
795,333
795,337
795,338
796,313
796,314
796,315
796,316
796,322
796,323
796,324
796,325
796,326
796,327
796,328
796,336
796,337
797,313
797,314
797,315
797,316
797,322
797,323
797,324
797,325
797,326
797,327
797,336
797,337
797,338
797,339
798,313
798,314
798,315
798,337
798,338
798,339
798,841
798,842
799,313
799,314
799,315
799,316
799,329
799,332
799,333
799,486
799,841
800,312
800,313
800,314
800,315
800,316
800,317
800,318
800,319
800,321
800,322
800,323
800,324
800,327
800,328
800,329
800,330
800,331
800,332
800,333
800,334
800,486
801,312
801,313
801,314
801,315
801,317
801,318
801,321
801,322
801,323
801,324
801,325
801,326
801,327
801,328
801,329
801,334
801,486
801,761
802,312
802,313
802,314
802,322
802,323
802,324
802,335
802,762
802,764
802,765
802,766
802,767
802,768
802,769
802,770
802,771
802,772
802,773
802,774
803,312
803,313
803,314
803,335
803,336
803,338
803,773
804,312
804,313
804,331
804,332
804,336
805,311
805,312
805,313
805,319
805,320
805,321
805,322
805,325
805,326
805,331
805,332
805,333
805,767
806,311
806,312
806,313
806,318
806,319
806,320
806,321
806,322
806,325
806,326
806,331
806,332
806,333
806,767
806,1043
807,311
807,312
807,313
807,319
807,320
807,321
807,322
807,325
807,326
807,332
807,768
807,769
807,773
807,1043
808,311
808,312
808,313
808,319
808,320
808,321
808,322
808,325
808,326
808,330
808,331
808,337
808,338
808,772
808,773
808,774
808,782
809,312
809,313
809,324
809,325
809,326
809,329
809,330
809,331
809,337
809,338
809,339
809,773
809,775
810,312
810,313
810,314
810,322
810,323
810,324
810,329
810,330
810,331
810,338
810,339
810,340
810,772
810,773
810,774
810,775
810,777
811,312
811,313
811,314
811,322
811,323
811,324
811,339
811,340
811,773
811,774
811,775
811,864
812,313
812,314
812,315
812,316
812,323
812,333
812,334
812,335
812,490
812,717
812,774
812,775
813,313
813,314
813,315
813,316
813,317
813,318
813,319
813,326
813,327
813,328
813,329
813,330
813,331
813,332
813,333
813,334
813,335
813,336
813,337
813,490
813,717
814,314
814,315
814,316
814,317
814,318
814,319
814,325
814,326
814,327
814,328
814,329
814,330
814,331
814,332
814,336
814,337
814,338
814,716
814,717
814,995
814,996
814,997
815,314
815,315
815,316
815,317
815,318
815,319
815,322
815,323
815,324
815,325
815,326
815,327
815,338
815,339
815,340
815,341
815,342
815,489
815,716
815,717
815,984
815,985
815,986
815,987
815,994
816,315
816,316
816,317
816,318
816,319
816,320
816,321
816,322
816,338
816,339
816,340
816,341
816,773
816,984
816,987
816,988
816,994
817,316
817,317
817,318
817,319
817,320
817,321
817,322
817,338
817,339
817,340
817,488
817,773
817,985
817,986
818,317
818,318
818,319
818,320
818,321
818,322
818,325
818,326
818,327
818,488
818,517
818,719
818,720
818,773
818,938
819,318
819,319
819,320
819,321
819,322
819,324
819,325
819,326
819,327
819,719
819,720
819,938
819,939
819,1001
819,1002
819,1004
819,1005
819,1006
820,318
820,319
820,320
820,321
820,322
820,325
820,326
820,327
820,718
820,719
820,720
820,721
820,943
820,1000
820,1001
820,1004
820,1006
820,1007
821,319
821,320
821,321
821,322
821,323
821,326
821,327
821,718
821,719
821,720
821,721
821,722
821,772
821,1000
821,1003
821,1004
821,1007
821,1008
821,1009
822,319
822,320
822,321
822,322
822,323
822,326
822,327
822,328
822,718
822,719
822,999
822,1000
822,1003
822,1008
822,1009
823,320
823,321
823,322
823,323
823,324
823,325
823,326
823,327
823,328
823,718
823,719
823,981
823,999
823,1000
823,1003
823,1008
824,321
824,322
824,323
824,324
824,325
824,326
824,327
824,328
824,771
824,1003
824,1004
824,1008
825,322
825,323
825,324
825,325
825,326
825,327
825,328
825,771
825,1007
825,1008
826,322
826,323
826,324
826,325
826,326
826,328
826,329
826,330
826,770
826,771
826,1006
826,1007
827,323
827,324
827,325
827,326
827,327
827,328
827,329
827,330
827,770
827,771
828,324
828,325
828,326
828,327
828,328
828,329
828,332
828,333
828,769
828,770
829,324
829,325
829,326
829,327
829,328
829,329
829,330
829,331
829,332
829,333
829,334
829,769
830,325
830,326
830,327
830,328
830,329
830,330
830,331
830,332
830,333
830,334
830,769
831,327
831,328
831,329
831,330
831,331
831,332
831,333
831,334
831,335
831,768
831,769
832,328
832,329
832,330
832,331
832,332
832,333
832,334
832,335
832,336
832,768
832,769
832,1010
832,1011
832,1012
832,1013
832,1014
833,329
833,330
833,331
833,332
833,333
833,334
833,335
833,336
833,337
833,768
833,769
833,1010
834,331
834,332
834,333
834,334
834,335
834,336
834,337
834,768
834,1013
834,1014
835,332
835,333
835,334
835,335
835,336
835,337
836,333
836,334
836,335
836,336
836,337
836,338
836,1003
836,1004
836,1005
836,1006
837,335
837,336
837,337
837,1008
837,1009
838,605
838,1011
840,797
841,796
841,797
843,1017
844,793
845,579
846,1010
848,577
849,576
849,577
850,576
850,577
850,1032
850,1033
851,584
851,585
851,1023
851,1024
852,583
852,584
852,1023
852,1025
853,575
853,1023
854,574
854,575
856,593
862,592
862,1049
863,590
863,591
863,592
863,593
863,594
863,1049
863,1050
864,591
864,592
864,670
864,671
865,592
865,669
865,670
866,592
866,669
866,709
867,709
867,716
867,718
870,562
871,1038
872,1032
872,1038
873,1031
874,578
874,875
875,875
877,579
877,581
878,579
878,580
881,667
886,679
887,675
887,676
887,677
887,678
887,679
887,680
888,674
888,676
888,677
888,678
888,679
888,680
889,677
889,679
889,680
890,676
890,677
890,678
897,481
897,483
897,484
897,485
897,486
897,487
897,488
897,489
897,490
897,491
897,492
897,493
898,485
898,487
898,488
898,489
898,490
898,491
898,492
898,493
898,494
899,485
899,489
899,491
899,492
899,493
899,494
900,482
900,483
900,484
900,485
900,486
900,487
900,489
900,493
900,494
900,495
900,496
901,482
901,483
901,484
901,485
901,489
901,492
901,493
901,494
901,495
902,481
902,482
902,483
902,484
902,485
902,490
902,491
902,492
902,493
902,494
902,495
903,481
903,482
903,483
903,484
903,485
903,486
903,489
903,490
903,491
903,492
903,493
903,494
903,495
904,481
904,482
904,483
904,484
904,485
904,486
904,487
904,488
904,489
904,490
904,491
904,494
904,495
905,481
905,482
905,483
905,484
905,485
905,486
905,487
905,488
905,489
905,490
905,491
905,492
905,494
905,495
906,482
906,483
906,484
906,485
906,486
906,487
906,488
906,489
906,490
906,491
906,492
906,494
906,495
906,818
906,819
907,482
907,483
907,484
907,485
907,486
907,487
907,488
907,489
907,490
907,494
907,495
908,482
908,483
908,484
908,485
908,486
908,487
908,488
908,489
908,619
908,621
908,622
909,484
909,485
909,486
909,487
909,488
910,486
910,487
910,488
910,489
912,998
913,985
915,727
919,949
919,950
919,951
920,658
920,950
920,951
923,952
924,638
926,909
929,584
929,690
929,717
930,584
930,717
931,584
931,629
932,626
934,890
935,1000
937,906
938,906
938,962
939,704
941,991
941,992
942,896
942,897
942,992
946,883
946,886
946,908
957,775
957,776
957,777
958,631
958,632
981,647
982,648
994,555
994,556
995,554
995,555
995,556
996,554
996,555
996,557
996,559
996,560
996,561
996,562
996,563
997,554
997,555
997,556
997,557
997,558
997,559
997,560
997,561
997,562
997,563
998,554
998,555
998,556
998,557
998,558
998,559
998,560
998,561
998,562
998,563
998,564
999,555
999,556
999,557
999,558
999,559
999,560
1000,555
1000,556
1000,557
1000,558
1001,553
1001,554
1001,555
1001,556
1001,557
1001,558
1002,553
1002,554
1002,555
1002,556
1002,557
1002,558
1002,559
1003,554
1003,555
1003,556
1003,557
1004,555
1004,556
1005,552
1005,555
1006,551
1006,552
1006,553
1007,551
1007,552
1007,553
1008,551
1008,552
1008,553
1009,551
1009,552
1009,553
1010,550
1010,551
1010,552
1010,553
1011,550
1011,551
1011,552
1012,552
1012,553
1013,552
1014,552
1015,553
1015,554
1016,555
1016,556
1016,557
1016,558
1016,559
1044,713
1045,711
1045,713
1045,715
1046,711
1058,720
1061,509
1062,508
1062,509
1062,510
1062,511
1063,498
1063,499
1063,506
1063,507
1063,508
1063,509
1063,510
1063,511
1063,512
1064,497
1064,498
1064,499
1064,505
1064,506
1064,507
1064,508
1064,509
1064,510
1064,511
1064,512
1065,497
1065,498
1065,499
1065,500
1065,506
1065,508
1065,509
1065,510
1065,511
1065,512
1065,526
1065,527
1065,528
1065,529
1066,509
1066,510
1066,511
1066,512
1066,523
1066,524
1066,525
1066,526
1066,527
1066,528
1066,529
1066,530
1067,507
1067,509
1067,510
1067,511
1067,512
1067,515
1067,522
1067,523
1067,524
1067,525
1067,526
1067,527
1067,528
1067,529
1067,530
1067,531
1067,532
1067,533
1067,534
1067,535
1068,506
1068,507
1068,508
1068,509
1068,510
1068,511
1068,512
1068,513
1068,514
1068,515
1068,516
1068,517
1068,522
1068,523
1068,524
1068,525
1068,526
1068,527
1068,528
1068,529
1068,530
1068,531
1068,532
1068,533
1068,534
1068,535
1069,506
1069,507
1069,508
1069,509
1069,510
1069,511
1069,512
1069,513
1069,514
1069,515
1069,516
1069,517
1069,518
1069,519
1069,520
1069,521
1069,522
1069,523
1069,524
1069,525
1069,527
1069,528
1069,529
1069,530
1069,531
1069,532
1069,533
1069,534
1070,506
1070,507
1070,508
1070,509
1070,510
1070,511
1070,512
1070,513
1070,514
1070,515
1070,516
1070,517
1070,518
1070,519
1070,520
1070,521
1070,522
1070,523
1070,524
1070,525
1070,526
1070,527
1070,528
1070,529
1070,530
1070,531
1070,532
1070,533
1070,534
1071,505
1071,506
1071,507
1071,508
1071,509
1071,510
1071,511
1071,512
1071,513
1071,514
1071,515
1071,516
1071,517
1071,518
1071,519
1071,520
1071,521
1071,522
1071,523
1071,524
1071,525
1071,526
1071,527
1071,528
1071,529
1071,530
1071,531
1071,532
1071,533
1072,502
1072,503
1072,504
1072,505
1072,506
1072,507
1072,508
1072,509
1072,510
1072,511
1072,512
1072,513
1072,514
1072,515
1072,516
1072,517
1072,518
1072,519
1072,520
1072,521
1072,522
1072,523
1072,524
1072,525
1072,526
1072,527
1072,528
1072,529
1072,530
1072,531
1072,532
1073,502
1073,503
1073,504
1073,505
1073,506
1073,507
1073,508
1073,509
1073,510
1073,511
1073,512
1073,513
1073,514
1073,515
1073,516
1073,517
1073,518
1073,519
1073,520
1073,521
1073,522
1073,523
1073,524
1073,525
1073,526
1073,527
1073,528
1073,529
1073,530
1073,531
1074,503
1074,504
1074,505
1074,506
1074,507
1074,508
1074,509
1074,510
1074,511
1074,512
1074,513
1074,514
1074,515
1074,516
1074,517
1074,518
1074,519
1074,520
1074,521
1074,522
1074,523
1074,524
1074,525
1074,526
1074,527
1074,528
1074,529
1074,530
1074,768
1074,769
1075,504
1075,505
1075,506
1075,507
1075,508
1075,509
1075,510
1075,511
1075,512
1075,513
1075,514
1075,515
1075,516
1075,517
1075,518
1075,519
1075,520
1075,521
1075,522
1075,523
1075,524
1075,525
1075,526
1075,527
1075,768
1075,769
1075,770
1076,497
1076,498
1076,504
1076,505
1076,506
1076,507
1076,508
1076,509
1076,510
1076,511
1076,512
1076,513
1076,514
1076,515
1076,516
1076,517
1076,518
1076,519
1076,520
1076,521
1076,522
1076,523
1076,524
1076,525
1076,526
1076,527
1076,769
1076,770
1077,498
1077,505
1077,506
1077,507
1077,508
1077,509
1077,510
1077,511
1077,512
1077,513
1077,514
1077,515
1077,516
1077,517
1077,518
1077,519
1077,520
1077,521
1077,522
1077,523
1077,524
1077,769
1077,770
1077,813
1077,814
1078,505
1078,506
1078,507
1078,508
1078,509
1078,510
1078,511
1078,512
1078,513
1078,514
1078,515
1078,516
1078,517
1078,518
1078,519
1078,520
1078,521
1078,522
1079,505
1079,506
1079,507
1079,508
1079,509
1079,510
1079,511
1079,512
1079,513
1079,514
1079,515
1079,516
1079,517
1079,518
1079,519
1079,520
1080,506
1080,507
1080,508
1080,509
1080,510
1080,511
1080,512
1080,513
1080,514
1080,515
1080,516
1080,517
1080,836
1080,837
1081,507
1081,508
1081,509
1081,510
1081,511
1081,512
1081,513
1081,514
1081,515
1081,835
1081,836
1081,837
1082,507
1082,508
1082,509
1082,510
1082,511
1082,512
1082,513
1082,514
1082,833
1082,834
1082,835
1082,836
1083,508
1083,509
1083,510
1083,511
1083,512
1083,513
1083,829
1083,832
1083,833
1083,836
1084,827
1084,828
1084,837
1085,827
1085,828
1085,837
1088,852
1089,852
1096,810
1097,807
1097,808
1097,809
1097,810
1098,807
1098,808
1099,807
1100,712
1100,713
1100,714
1101,711
1101,715
1101,785
1102,776
1102,785
1103,780
1103,785
1103,786
1110,1048
1110,1049
1110,1050
1110,1052
1110,1053
1111,793
1111,1048
1111,1049
1111,1052
1111,1054
1112,793
1112,794
1112,1048
1112,1055
1112,1056
1113,1047
1113,1048
1113,1049
1113,1052
1113,1053
1113,1054
1113,1055
1113,1056
1114,828
1114,1047
1114,1048
1114,1049
1114,1053
1115,828
1115,833
1115,834
1115,835
1115,836
1115,837
1115,1048
1115,1049
1116,740
1116,828
1116,829
1116,832
1116,833
1116,834
1116,835
1116,836
1116,837
1117,832
1117,833
1117,834
1117,835
1117,836
1117,1047
1117,1048
1118,1046
1118,1047
1118,1048
1118,1053
1118,1056
1118,1057
1119,843
1119,1046
1119,1047
1119,1048
1119,1052
1119,1055
1119,1056
1119,1057
1120,698
1120,699
1120,842
1120,843
1120,1046
1120,1047
1120,1048
1120,1051
1120,1057
1120,1058
1121,842
1121,843
1121,1052
1121,1053
1121,1056
1121,1057
1121,1058
1122,1054
1122,1055
1125,1051
1125,1052
1126,1047
1126,1048
1126,1049
1126,1050
1126,1051
1126,1052
1127,639
1127,1048
1127,1049
1127,1050
1127,1051
1128,638
1128,639
1128,838
1128,839
1128,974
1129,839
1134,972
1135,971
1138,714
1139,714
1139,715
1139,848
1139,855
1139,856
1140,714
1140,715
1140,716
1140,717
1140,855
1140,856
1141,707
1141,708
1141,714
1141,715
1141,716
1141,855
1141,856
1141,857
1142,707
1142,708
1142,856
1143,704
1143,705
1143,707
1143,714
1144,704
1144,845
1145,704
1145,844
1145,845
1145,846
1146,703
1146,844
1146,845
1146,846
1147,702
1147,703
1147,704
1147,845
1147,846
1147,847
1147,863
1147,864
1148,784
1149,703
1149,785
1150,703
1150,704
1150,715
1150,716
1151,854
1152,702
1152,852
1152,853
1152,854
1153,702
1153,703
1153,856
1154,702
1154,703
1154,854
1154,855
1154,856
1155,703
1155,853
1155,854
1155,855
1155,856
1155,857
1155,858
1155,859
1155,905
1155,906
1155,907
1156,853
1156,854
1156,855
1156,856
1156,857
1156,858
1156,859
1156,864
1156,904
1156,905
1156,908
1156,909
1156,910
1157,852
1157,853
1157,854
1157,855
1157,856
1157,857
1157,858
1157,859
1157,866
1157,867
1157,899
1157,900
1157,908
1157,909
1157,910
1158,851
1158,852
1158,853
1158,854
1158,855
1158,856
1158,857
1158,858
1158,859
1158,865
1158,866
1158,867
1158,868
1158,898
1158,899
1158,900
1158,908
1158,915
1158,916
1159,851
1159,852
1159,853
1159,854
1159,855
1159,856
1159,857
1159,858
1159,864
1159,865
1159,866
1159,867
1159,868
1159,915
1159,916
1160,850
1160,853
1160,854
1160,855
1160,856
1160,857
1160,865
1160,866
1160,867
1160,868
1160,891
1160,916
1161,849
1161,850
1161,853
1161,854
1161,855
1161,856
1161,857
1161,866
1161,867
1161,868
1161,891
1161,897
1161,898
1161,899
1162,852
1162,853
1162,854
1162,855
1162,856
1162,857
1162,898
1162,901
1162,902
1162,903
1162,905
1162,906
1163,852
1163,853
1163,854
1163,855
1163,898
1163,899
1163,901
1163,902
1163,904
1163,905
1163,906
1164,849
1164,852
1164,853
1164,905
1165,849
1165,850
1165,851
1165,852
1166,849
1166,850
1166,851
1166,852
1167,849
1167,850
1167,851
1168,850
1168,851
1169,866
1169,867
1170,865
1170,866
1170,867
1170,868
1171,866
1171,867
1171,868
1171,869
1172,866
1172,867
1172,868
1172,869
1173,867
1173,868
1176,862
1177,861
1177,862
1189,636
1190,636
1190,637
1195,839
1195,840
1196,840
1204,876
1204,877
1219,748
1220,754
1221,751
1221,752
1221,753
1221,754
1221,755
1221,756
1222,749
1222,750
1222,752
1222,753
1223,749
1223,755
1223,767
1223,768
1223,781
1224,748
1224,767
1224,768
1224,769
1224,770
1224,771
1225,767
1225,768
1225,769
1225,770
1225,771
1226,748
1226,749
1226,769
1226,783
1227,748
1227,749
1227,762
1228,765
1229,764
1229,765
1229,766
1230,765
1230,766
1231,766
1234,742
1270,801
1274,801
1275,800
1275,801
1275,802
1276,797
1276,798
1276,799
1276,800
1276,801
1276,802
1277,797
1277,798
1277,799
1277,800
1277,801
1278,798
1278,799
1278,800
1278,801
1281,781
1281,782
1286,822
1286,826
1299,855
1307,839
1308,804
1308,805
1308,806
1308,807
1308,808
1309,803
1309,804
1309,805
1309,806
1309,807
1309,808
1310,806
1310,807
1310,808
1311,797
1312,801
1313,1014
1315,843
1316,843
1316,844
1317,843
1317,844
1317,845
1318,843
1318,844
1318,845
1319,844
1319,845
1320,798
1326,794
1326,795
1326,796
1327,794
1327,795
1327,796
1328,794
1328,795
1328,796
1328,826
1328,827
1329,794
1329,795
1329,826
1329,827
1330,794
1330,826
1330,827
1331,823
1331,826
1331,827
1332,823
1332,824
1332,825
1332,826
1333,822
1333,826
1333,827
1333,829
1333,830
1334,822
1334,823
1334,824
1334,825
1334,827
1334,828
1334,829
1334,830
1334,831
1334,832
1335,793
1335,822
1335,823
1335,824
1335,828
1335,829
1335,830
1335,831
1335,832
1336,792
1336,822
1336,829
1336,830
1336,831
1336,832
1337,792
1340,800
1340,823
1340,824
1341,821
1341,822
1341,823
1341,824
1342,821
1342,822
1342,823
1342,824
1343,822
1365,807
1365,825
1366,807
1366,808
1366,809
1366,819
1367,809
1368,809
1368,834
1368,835
1369,809
1369,810
1369,834
1369,835
1369,836
1370,810
1370,833
1370,834
1370,835
1370,836
1371,810
1371,811
1371,832
1371,833
1371,834
1371,835
1371,836
1371,837
1372,832
1372,835
1372,836
1373,814
1373,835
1373,836
1374,814
1374,819
1374,831
1374,832
1374,835
1375,816
1375,830
1375,831
1375,832
1376,816
1376,830
1376,831
1376,832
1377,829
1377,830
1377,831
1377,832
1377,833
1377,844
1377,845
1377,846
1377,847
1378,829
1378,830
1378,831
1378,832
1378,833
1378,841
1378,842
1378,843
1378,846
1378,847
1379,764
1379,829
1379,830
1379,831
1379,832
1379,841
1379,842
1379,845
1379,846
1379,847
1379,850
1379,851
1380,763
1380,764
1380,765
1380,830
1380,831
1380,832
1380,833
1380,834
1380,835
1380,836
1380,837
1380,841
1380,842
1380,844
1380,845
1380,846
1380,847
1380,848
1380,850
1380,851
1381,760
1381,761
1381,762
1381,763
1381,764
1381,765
1381,830
1381,831
1381,832
1381,833
1381,834
1381,835
1381,836
1381,837
1381,838
1381,839
1381,840
1381,848
1381,849
1381,850
1381,851
1382,759
1382,760
1382,761
1382,762
1382,763
1382,764
1382,765
1382,766
1382,830
1382,835
1382,836
1382,837
1382,838
1382,851
1383,760
1383,761
1383,762
1383,763
1383,764
1383,765
1383,766
1383,836
1383,837
1383,838
1383,849
1384,760
1384,761
1384,762
1384,763
1384,764
1384,765
1384,766
1384,767
1384,830
1384,831
1384,832
1384,833
1384,841
1384,847
1384,848
1385,760
1385,761
1385,762
1385,763
1385,764
1385,765
1385,766
1385,831
1385,832
1385,840
1385,842
1385,843
1385,847
1386,761
1386,762
1386,763
1386,764
1386,840
1386,843
1387,839
1387,840
1388,835
1388,836
1388,837
1388,838
1388,839
1388,840
1388,841
1388,842
1388,850
1388,851
1389,835
1389,836
1389,837
1389,838
1389,839
1389,840
1389,841
1389,842
1389,843
1389,849
1389,850
1389,851
1390,835
1390,836
1390,837
1390,841
1390,842
1390,843
1390,849
1390,850
1390,851
1391,836
1391,842
1391,850
1391,851
1392,841
1392,842
1392,850
1392,851
1393,832
1393,841
1393,842
1393,849
1393,850
1393,851
1393,852
1394,841
1394,842
1394,843
1395,837
1395,841
1395,842
1395,843
1395,844
1396,833
1396,837
1396,844
1396,845
1397,846
1401,896
1401,897
1404,873
1405,873
1433,760
1436,761
1437,761
1438,761
1439,761
1440,762
1441,762
1442,762
1444,763
1445,762
1446,759
1477,835
1479,848
1480,847
