104,139
111,222
111,227
114,124
115,202
116,206
116,207
117,206
117,207
118,129
119,142
120,142
121,142
121,143
121,238
133,238
134,238
134,289
135,286
135,288
135,289
135,290
135,291
136,284
136,285
136,286
136,287
136,289
136,290
136,291
137,284
137,285
137,286
137,287
137,288
137,290
137,291
138,179
138,284
138,285
138,286
138,287
138,290
138,296
139,284
139,285
139,294
139,295
140,293
141,176
141,177
141,290
141,291
142,289
143,226
143,285
143,286
143,287
143,288
143,297
144,180
144,227
144,285
144,286
145,180
145,223
145,224
145,225
145,278
145,279
145,280
145,284
145,285
146,178
146,223
146,254
146,278
146,279
146,283
146,293
147,254
147,277
147,278
147,279
147,280
147,291
147,292
148,278
148,280
148,281
148,290
148,291
149,163
149,276
149,277
149,279
149,280
150,163
150,164
150,167
150,274
150,275
150,279
151,167
151,168
151,180
152,166
152,167
152,168
153,223
154,236
155,175
155,236
156,172
156,173
156,174
156,181
156,231
156,232
157,226
157,230
159,195
160,159
160,160
161,131
161,158
161,159
161,160
161,161
161,233
161,234
162,156
162,157
162,158
162,159
162,160
163,155
163,156
163,157
163,158
163,159
164,153
164,154
164,157
165,145
166,138
166,142
166,145
167,138
168,143
177,156
177,157
178,154
180,148
180,149
181,148
181,149
181,150
182,215
183,215
183,216
183,224
183,225
184,220
184,221
184,222
184,224
184,226
185,218
185,219
185,221
185,225
185,226
186,219
186,226
186,227
187,161
187,162
188,161
188,162
188,163
189,162
189,163
194,148
195,127
195,128
195,149
196,127
196,128
203,117
204,117
204,118
204,442
206,111
206,117
209,92
209,112
210,111
210,112
214,103
214,104
215,104
216,106
216,109
216,113
217,111
217,112
217,113
217,153
217,185
217,446
218,112
218,151
218,446
219,123
220,447
221,133
221,447
222,133
223,108
225,235
227,335
227,338
227,518
228,152
228,334
228,335
229,161
229,162
230,123
230,124
230,125
230,161
230,162
230,168
231,123
231,126
231,127
231,167
231,168
231,170
232,170
232,171
233,165
233,171
233,174
233,518
234,160
234,169
234,170
234,171
234,172
234,476
235,160
235,161
235,170
235,171
235,450
236,100
236,170
236,171
236,451
237,99
237,100
237,101
237,171
241,121
241,128
242,128
242,129
242,483
242,484
242,506
242,507
243,479
243,480
243,481
243,482
243,483
243,484
243,485
243,491
243,492
243,511
243,512
244,511
244,512
244,513
244,518
245,514
245,519
245,520
245,521
246,464
246,466
246,467
246,519
246,550
247,460
247,461
247,462
247,517
247,519
247,526
247,527
248,529
248,605
248,606
248,608
249,111
249,144
249,456
249,605
250,110
250,111
250,451
250,452
250,455
250,500
250,537
251,113
251,114
251,124
251,433
251,436
251,437
251,439
251,440
251,442
251,588
251,589
251,590
252,107
252,108
252,417
252,418
252,454
252,543
252,544
253,107
253,108
253,109
253,127
253,581
254,127
254,551
254,552
254,576
255,6
255,107
255,108
255,455
255,554
256,6
256,104
256,106
256,107
256,556
256,557
256,558
256,569
257,104
257,105
257,106
257,146
257,559
257,560
257,561
257,562
257,566
258,6
258,103
258,104
258,105
258,106
258,107
258,145
258,154
258,155
258,561
258,562
259,102
259,103
259,104
259,105
259,106
259,107
259,153
259,154
259,176
259,399
260,13
260,102
260,104
260,105
260,106
260,139
261,21
261,102
261,138
261,139
261,192
261,560
262,19
262,20
262,102
262,112
262,139
262,140
263,8
263,9
263,19
263,102
263,107
263,108
263,138
263,139
263,194
264,8
264,19
264,103
264,104
264,107
264,108
265,8
265,146
265,149
266,146
266,381
267,140
267,146
267,147
267,381
268,15
268,16
268,26
268,99
268,129
268,140
268,144
268,145
268,146
268,147
268,149
268,381
269,15
269,22
269,103
269,144
269,145
269,146
269,185
269,186
269,375
269,391
270,14
270,158
271,29
272,127
272,128
273,146
273,162
273,163
274,148
274,162
274,163
275,32
275,148
275,181
275,184
275,185
276,103
276,110
276,111
276,124
276,132
276,147
276,183
276,190
277,31
277,102
277,103
277,104
277,105
277,106
277,110
277,111
277,143
277,189
277,190
277,196
277,336
278,31
278,97
278,98
278,101
278,102
278,103
278,104
278,105
278,106
278,173
278,189
278,335
278,336
279,97
279,100
279,101
279,102
279,103
279,104
279,105
279,106
279,107
279,108
279,335
279,336
279,342
279,351
279,352
280,97
280,101
280,102
280,103
280,108
280,109
280,125
280,185
280,186
280,335
280,336
281,97
281,101
281,102
281,103
281,104
281,106
281,107
281,108
281,112
281,113
281,135
281,188
281,336
281,337
282,100
282,101
282,102
282,103
282,104
282,105
282,106
282,107
282,108
282,112
282,113
282,121
282,122
282,123
282,124
282,163
282,164
282,187
282,188
282,304
283,99
283,100
283,101
283,102
283,103
283,104
283,105
283,106
283,112
283,113
283,121
283,122
283,163
283,164
283,302
283,309
284,88
284,105
284,120
284,121
284,297
284,298
284,299
284,300
284,301
284,309
284,359
285,105
285,290
285,292
285,296
285,297
285,298
285,299
285,300
285,310
285,322
285,359
285,360
286,152
286,278
286,279
286,286
286,287
286,288
286,289
286,290
286,291
286,292
286,293
286,294
286,297
286,298
286,299
286,310
286,327
286,333
286,359
286,360
286,361
287,279
287,280
287,285
287,286
287,287
287,288
287,289
287,290
287,291
287,292
287,293
287,298
287,299
287,300
287,318
287,328
287,329
287,330
287,357
288,155
288,281
288,282
288,284
288,285
288,286
288,287
288,288
288,289
288,290
288,291
288,292
288,295
288,296
288,297
288,298
288,299
288,300
288,328
289,81
289,262
289,272
289,273
289,281
289,282
289,284
289,285
289,286
289,287
289,288
289,289
289,291
289,332
289,333
289,398
290,280
290,281
290,284
290,285
290,286
290,287
290,288
290,289
290,292
290,314
290,315
290,318
290,352
291,134
291,142
291,279
291,280
291,284
291,285
291,286
291,287
291,288
291,289
291,313
291,314
291,315
291,318
291,319
291,320
291,321
291,327
291,352
292,134
292,283
292,287
292,288
292,289
292,319
292,320
292,321
292,322
292,327
292,328
292,335
292,352
293,137
293,206
293,272
293,273
293,274
293,275
293,321
293,322
293,324
293,328
293,329
293,352
294,273
294,274
294,275
294,276
294,279
294,280
294,322
294,323
294,324
294,329
294,347
295,150
295,272
295,273
295,274
295,275
295,289
295,324
295,328
295,329
296,34
296,128
296,215
296,262
296,263
296,264
296,265
296,266
296,267
296,271
296,272
296,292
296,293
296,329
297,9
297,33
297,91
297,214
297,261
297,262
297,263
297,264
297,265
297,285
297,286
297,304
297,305
297,323
297,327
297,328
297,329
298,8
298,214
298,262
298,275
298,276
298,285
298,304
298,314
298,318
298,320
298,323
298,324
298,325
298,326
298,327
298,722
299,32
299,134
299,138
299,213
299,214
299,215
299,274
299,275
299,292
299,304
299,320
299,325
299,326
299,335
299,345
299,346
299,347
299,721
299,723
299,724
300,3
300,31
300,135
300,298
300,299
300,300
300,301
300,304
300,324
300,325
300,328
300,329
300,345
300,346
300,347
300,720
300,721
300,724
301,3
301,50
301,260
301,261
301,298
301,299
301,300
301,301
301,328
301,329
301,344
301,345
301,346
301,347
301,381
301,401
301,720
301,725
302,3
302,259
302,260
302,261
302,298
302,299
302,300
302,301
302,318
302,328
302,329
302,346
302,725
302,726
302,727
303,2
303,297
303,298
303,305
303,306
303,307
303,308
303,318
303,328
303,332
303,724
304,1
304,2
304,198
304,208
304,303
304,304
304,305
304,308
304,309
304,316
304,317
304,331
304,332
304,340
304,409
304,723
304,724
305,1
305,54
305,198
305,208
305,293
305,294
305,302
305,303
305,304
305,328
305,331
305,332
305,368
305,369
305,495
305,722
305,723
305,724
306,47
306,48
306,152
306,231
306,328
306,332
306,356
306,403
306,404
306,494
306,723
306,724
307,152
307,153
307,184
307,231
307,305
307,309
307,310
307,332
307,333
307,334
307,355
307,356
307,493
307,724
308,54
308,57
308,58
308,146
308,151
308,152
308,289
308,309
308,310
308,311
308,356
308,491
308,725
309,29
309,30
309,57
309,149
309,150
309,151
309,245
309,246
309,310
309,311
309,355
309,356
309,396
309,724
310,28
310,147
310,148
310,149
310,150
310,246
310,280
310,281
310,295
310,296
310,355
310,395
310,716
310,717
310,721
311,148
311,295
311,296
311,355
311,395
311,723
312,27
312,285
312,289
312,290
312,352
312,354
312,355
312,395
312,402
313,27
313,146
313,224
313,238
313,239
313,289
313,290
313,318
313,354
313,367
313,368
313,371
313,372
313,373
313,374
313,378
313,402
313,719
313,722
314,146
314,147
314,238
314,239
314,240
314,241
314,242
314,288
314,289
314,366
314,367
314,368
314,371
314,372
314,373
314,393
314,718
314,721
315,54
315,147
315,237
315,238
315,239
315,240
315,241
315,242
315,366
315,367
315,368
315,393
315,403
316,27
316,53
316,237
316,238
316,239
316,240
316,241
316,242
316,351
316,366
316,367
316,368
316,369
316,370
316,387
316,413
316,717
316,720
317,27
317,53
317,237
317,238
317,239
317,240
317,241
317,242
317,411
317,716
317,719
317,720
318,27
318,237
318,238
318,239
318,327
318,328
318,716
318,719
319,27
319,238
319,288
319,327
319,328
319,352
319,385
319,715
319,716
319,718
320,27
320,163
320,164
320,238
320,239
320,243
320,288
320,392
320,716
320,717
320,718
321,27
321,51
321,137
321,164
321,243
321,246
321,283
321,288
322,27
322,175
322,244
322,245
322,283
322,284
322,305
322,309
322,310
322,315
322,389
322,390
323,214
323,215
323,283
323,284
323,304
323,305
323,308
323,309
323,376
323,377
324,214
324,284
324,820
325,75
325,158
325,159
325,160
325,301
325,319
325,320
325,321
325,366
325,367
325,368
325,369
325,821
326,160
326,284
326,300
326,301
326,302
326,366
327,31
327,284
327,304
327,727
327,822
327,823
328,31
328,284
328,285
328,351
328,730
328,731
328,732
329,284
329,285
329,730
329,731
329,732
329,733
329,734
329,735
330,284
330,731
330,732
330,733
330,736
330,737
331,107
331,284
331,731
331,732
331,733
331,734
331,737
332,106
332,732
332,733
332,735
333,33
333,159
333,346
334,32
334,326
334,345
334,346
334,736
334,737
334,738
335,104
335,227
335,287
335,346
335,347
335,348
335,349
335,716
335,833
336,15
336,89
336,287
336,346
336,347
336,715
336,716
337,14
337,346
337,487
338,294
339,11
339,299
339,322
339,525
339,529
340,321
340,526
343,331
343,332
344,299
345,37
345,299
345,532
346,300
346,530
347,85
347,124
347,148
347,285
347,299
347,300
347,301
347,302
347,303
347,322
348,284
348,285
348,293
348,299
348,300
348,301
348,302
348,303
348,349
349,12
349,84
349,284
349,285
349,293
349,294
349,298
349,299
349,303
349,348
349,349
350,39
350,284
350,285
350,294
350,295
350,300
350,348
350,349
350,499
351,119
351,232
351,233
351,285
351,295
351,301
351,302
351,308
351,347
351,348
352,232
352,233
352,301
352,302
352,320
352,346
352,347
352,350
352,351
353,128
353,232
353,233
353,285
353,300
353,301
353,302
353,317
353,320
353,323
353,346
353,349
353,350
354,124
354,125
354,280
354,284
354,285
354,286
354,287
354,288
354,317
354,324
354,480
355,24
355,102
355,125
355,126
355,127
355,144
355,220
355,284
355,285
355,286
355,287
355,288
355,494
356,21
356,40
356,143
356,219
356,220
356,221
356,284
356,285
356,286
356,342
356,345
356,493
357,18
357,131
357,219
357,220
357,221
357,340
357,341
357,484
357,485
357,492
357,493
358,220
358,268
358,269
358,474
358,491
358,492
359,140
359,192
359,231
359,232
359,268
359,269
359,485
359,488
360,485
360,489
361,40
361,100
361,222
361,224
361,225
361,316
361,317
361,344
361,371
361,480
361,489
362,40
362,222
362,224
362,225
362,316
362,322
362,323
362,340
362,341
362,367
362,368
362,479
362,480
363,114
363,339
363,340
363,341
363,365
363,366
363,367
363,482
364,340
364,343
364,363
364,364
364,365
364,366
364,367
364,485
365,23
365,318
365,319
365,320
365,363
366,98
366,318
366,319
366,343
366,344
367,11
367,97
367,339
367,340
367,341
367,342
367,343
368,40
368,196
368,336
368,337
368,338
368,339
369,196
369,197
370,195
370,196
371,40
372,466
373,465
373,466
373,467
374,39
374,94
374,467
374,468
374,469
374,470
374,471
375,468
375,469
375,470
375,471
375,660
376,202
376,203
376,255
376,264
376,468
376,469
376,470
376,471
376,660
377,38
377,202
377,203
377,249
377,250
377,251
377,252
377,286
377,287
377,288
377,468
377,469
377,470
377,471
377,660
378,469
378,470
379,467
380,286
380,287
380,466
380,467
380,468
380,471
380,472
380,481
381,286
381,288
381,289
381,290
381,291
381,292
381,293
381,294
381,466
381,467
381,468
382,36
382,289
382,291
382,292
382,293
382,462
382,468
382,469
382,470
382,491
382,492
383,315
383,316
383,318
383,462
383,468
383,469
384,316
384,318
384,319
384,462
384,463
384,467
384,468
385,315
385,318
385,319
385,321
385,322
385,328
385,462
385,463
385,464
386,37
386,315
386,316
386,317
386,319
386,320
386,321
386,463
386,464
387,302
387,303
387,315
387,316
387,317
387,318
387,320
387,462
387,463
387,464
388,36
388,302
388,303
388,304
388,305
388,306
388,307
388,316
388,317
388,318
388,319
388,320
388,321
388,463
389,302
389,303
389,304
389,305
389,306
389,307
389,308
389,400
390,277
390,303
390,304
390,305
390,306
390,307
390,308
390,399
390,876
391,304
391,305
391,306
391,307
391,308
391,309
391,398
391,875
392,306
392,307
392,308
392,309
392,310
392,397
392,669
392,875
392,876
393,29
393,306
393,307
393,308
393,309
393,310
393,311
393,312
393,381
393,396
393,397
393,459
393,669
393,868
393,876
394,309
394,310
394,666
394,677
394,699
394,876
395,27
395,350
395,390
395,397
395,699
395,867
396,151
396,152
396,349
396,350
396,694
396,695
396,711
396,713
397,693
397,694
397,711
397,712
397,713
397,717
397,721
397,723
397,724
397,725
397,728
397,729
397,730
397,731
397,733
397,734
398,24
398,327
398,722
398,723
398,732
398,733
398,856
398,866
399,141
399,693
399,722
399,723
399,727
399,865
399,866
399,867
399,868
400,141
400,666
400,693
400,694
400,696
400,697
400,725
400,859
400,860
400,861
400,862
400,863
400,864
400,867
401,19
401,141
401,330
401,693
401,694
401,695
401,720
401,859
401,860
401,861
402,18
402,328
402,329
402,330
402,331
402,488
402,536
402,693
402,720
402,727
402,859
402,860
402,861
403,82
403,330
403,411
403,666
403,667
403,675
403,676
403,679
403,681
403,682
403,720
403,721
403,727
403,859
403,860
403,861
403,865
404,409
404,410
404,666
404,667
404,725
404,726
404,728
404,734
404,735
404,859
404,860
404,861
405,11
405,87
405,88
405,89
405,90
405,91
405,92
405,339
405,666
405,859
405,860
406,8
406,89
406,90
406,91
406,92
406,93
406,94
406,95
406,338
406,339
406,340
406,418
406,684
406,696
406,697
406,858
406,859
407,90
407,91
407,92
407,93
407,94
407,95
407,96
407,97
407,98
407,99
407,100
407,101
407,102
407,338
407,339
407,340
407,714
407,717
407,720
407,723
407,726
407,729
407,857
407,858
408,1
408,91
408,92
408,93
408,94
408,95
408,96
408,97
408,98
408,99
408,100
408,101
408,102
408,103
408,104
408,105
408,106
408,107
408,856
408,857
408,858
409,94
409,95
409,96
409,97
409,98
409,99
409,100
409,101
409,102
409,103
409,104
409,105
409,106
409,107
409,108
409,109
409,110
409,111
409,112
409,113
409,416
409,857
410,78
410,94
410,95
410,96
410,97
410,98
410,99
410,100
410,101
410,102
410,103
410,104
410,105
410,106
410,107
410,108
410,109
410,110
410,111
410,112
410,113
410,114
410,115
410,136
410,137
410,852
410,853
410,854
410,856
411,95
411,96
411,97
411,98
411,99
411,100
411,101
411,102
411,103
411,104
411,105
411,106
411,107
411,108
411,109
411,110
411,111
411,112
411,113
411,114
411,115
411,116
411,117
411,118
411,119
411,120
411,121
411,122
411,136
411,299
411,300
411,350
411,418
411,424
412,76
412,97
412,98
412,99
412,100
412,101
412,102
412,103
412,104
412,105
412,106
412,107
412,108
412,109
412,110
412,111
412,112
412,113
412,114
412,115
412,116
412,117
412,118
412,119
412,120
412,121
412,122
412,123
412,135
412,136
412,350
412,405
412,418
413,75
413,99
413,100
413,101
413,102
413,103
413,104
413,105
413,106
413,107
413,108
413,109
413,110
413,111
413,112
413,113
413,114
413,115
413,116
413,117
413,118
413,135
413,136
413,405
413,406
413,894
414,100
414,101
414,102
414,103
414,104
414,105
414,106
414,107
414,108
414,109
414,110
414,111
414,112
414,113
414,114
414,115
414,116
414,117
414,135
414,404
414,406
414,429
414,559
414,893
414,894
414,895
415,78
415,79
415,80
415,101
415,102
415,103
415,104
415,105
415,106
415,107
415,108
415,109
415,110
415,111
415,112
415,113
415,114
415,115
415,116
415,117
415,135
415,241
415,287
415,523
415,524
415,525
415,894
415,895
415,896
416,102
416,103
416,104
416,105
416,106
416,107
416,108
416,109
416,110
416,111
416,112
416,113
416,114
416,115
416,116
416,117
416,118
416,421
416,523
416,524
416,526
416,808
416,895
416,897
416,899
417,104
417,105
417,106
417,107
417,108
417,109
417,110
417,111
417,112
417,113
417,114
417,115
417,116
417,117
417,118
417,391
417,421
417,429
417,523
417,524
417,525
417,526
417,895
417,896
417,899
418,105
418,106
418,107
418,108
418,109
418,110
418,111
418,112
418,113
418,114
418,115
418,116
418,117
418,118
418,119
418,134
418,238
418,239
418,389
418,390
418,421
418,481
418,520
418,523
418,524
418,525
418,810
418,896
418,897
418,898
418,899
419,106
419,107
419,108
419,109
419,110
419,111
419,112
419,113
419,114
419,115
419,116
419,117
419,118
419,119
419,387
419,388
419,389
419,520
419,886
419,887
420,108
420,109
420,110
420,111
420,112
420,113
420,114
420,115
420,116
420,117
420,118
420,119
420,120
420,121
420,416
420,439
420,859
420,888
421,110
421,111
421,112
421,113
421,114
421,115
421,116
421,117
421,118
421,119
421,120
421,121
421,478
421,858
421,859
422,111
422,112
422,113
422,114
422,115
422,116
422,117
422,118
422,119
422,120
422,121
422,287
422,519
422,895
422,896
423,112
423,113
423,114
423,115
423,116
423,117
423,118
423,119
423,120
423,121
423,386
423,424
423,849
423,861
423,881
423,896
424,113
424,114
424,115
424,116
424,117
424,118
424,119
424,120
424,121
424,385
424,386
424,849
424,850
424,861
424,862
424,864
424,865
424,870
424,871
425,87
425,115
425,116
425,117
425,118
425,119
425,120
425,121
425,489
425,490
425,491
425,492
425,869
425,870
425,871
426,116
426,117
426,118
426,119
426,120
426,433
426,440
426,481
426,488
426,489
426,490
426,491
426,492
426,493
426,569
426,776
426,847
427,118
427,119
427,120
427,433
427,481
427,482
427,488
427,489
427,490
427,492
427,493
428,118
428,119
428,120
428,121
428,417
428,432
428,433
428,488
428,489
428,490
428,492
429,119
429,120
429,121
429,122
429,393
429,420
429,424
429,489
429,490
429,491
430,119
430,120
430,121
430,122
430,123
430,124
430,126
430,437
430,489
430,490
431,121
431,122
431,123
431,124
431,125
431,126
431,127
431,128
431,129
431,257
431,371
431,408
431,457
431,460
431,484
431,488
431,489
432,123
432,124
432,125
432,126
432,127
432,128
432,129
432,409
432,457
432,460
432,488
433,127
433,128
433,129
433,393
433,846
434,386
434,576
435,415
435,416
435,481
436,412
436,449
436,480
436,481
437,407
437,449
437,874
437,875
438,367
438,406
438,407
438,447
438,870
438,871
438,872
438,874
439,367
439,414
439,415
440,372
440,417
441,358
441,372
441,374
441,413
442,358
442,413
442,418
443,464
444,444
444,445
444,464
444,465
444,466
444,524
445,315
445,421
445,465
445,466
445,481
446,421
446,480
447,443
447,479
447,480
448,343
448,441
448,442
449,475
449,476
450,368
451,310
452,423
452,504
453,424
454,334
454,361
454,417
454,580
454,824
455,230
455,579
455,580
455,581
456,322
456,440
456,579
456,580
456,581
457,322
457,328
457,440
457,573
457,574
457,579
457,580
457,581
458,334
458,572
458,574
458,579
458,580
458,581
459,439
459,572
459,573
459,574
459,579
459,580
459,581
459,818
459,819
460,442
460,443
460,445
460,573
460,574
460,818
461,574
462,457
462,458
462,459
462,460
463,347
463,459
463,460
463,461
463,462
463,463
465,495
465,523
465,539
466,314
466,315
466,468
466,519
466,524
467,356
467,468
467,469
467,522
468,468
468,469
468,496
468,516
468,517
468,522
469,501
469,504
469,522
469,523
469,524
469,525
470,513
470,524
470,537
471,515
471,516
471,517
471,518
471,543
472,521
472,522
472,526
472,527
472,528
472,529
472,532
473,531
473,532
473,533
473,534
473,535
473,548
474,480
474,616
475,220
475,354
475,468
475,469
475,470
475,479
476,468
476,469
476,572
477,558
478,300
478,317
478,342
478,564
478,568
478,572
478,573
478,574
479,556
479,565
479,566
479,572
479,573
479,627
480,571
480,572
480,579
480,580
480,627
481,313
483,268
483,269
483,346
484,322
485,564
486,565
486,588
486,589
487,335
487,364
487,566
487,587
487,588
487,589
488,588
488,652
489,249
489,254
490,569
490,593
491,353
491,361
491,570
491,592
491,593
491,594
491,670
492,235
492,248
492,592
492,593
492,594
492,671
492,785
493,245
493,246
493,353
493,588
493,592
493,593
493,594
493,785
494,357
494,592
494,593
496,581
496,582
496,583
496,594
496,602
497,342
497,590
497,593
498,585
499,585
499,590
499,593
500,272
500,354
500,590
500,591
501,344
501,587
501,591
501,598
501,700
501,718
502,310
502,587
502,591
502,592
502,598
502,719
503,337
503,357
503,587
504,312
505,256
505,267
505,770
506,347
507,768
508,231
508,255
508,764
509,279
509,326
509,406
509,772
511,589
514,322
515,612
515,724
515,725
515,781
516,308
516,309
516,314
516,327
516,703
516,706
516,766
517,262
517,307
517,308
517,309
517,310
517,330
517,422
517,429
517,469
517,703
517,765
517,766
518,262
518,263
518,264
518,265
518,307
518,308
518,309
518,310
518,765
518,771
518,772
519,281
519,305
519,306
519,307
519,308
519,310
519,765
519,785
520,305
520,306
520,307
520,308
521,268
521,269
521,306
521,307
521,369
521,786
522,351
522,775
523,776
525,314
525,353
525,759
526,261
526,349
526,350
526,660
526,781
526,783
527,261
527,347
527,348
527,349
527,779
527,780
527,781
527,782
528,262
528,347
528,348
528,778
528,779
528,780
528,781
528,782
529,262
529,316
529,346
529,347
529,669
529,768
529,779
529,780
529,781
530,349
530,350
530,750
530,751
531,261
531,273
531,350
531,351
531,568
531,737
531,744
531,750
531,751
531,791
532,737
532,738
532,750
532,755
532,759
532,779
532,780
533,242
533,243
533,568
533,612
533,737
533,738
533,754
533,779
534,242
534,243
534,244
534,612
534,779
535,241
535,242
535,243
535,244
535,245
535,246
535,263
535,288
535,613
535,764
536,242
536,243
536,244
536,245
536,246
536,247
536,248
536,262
536,274
536,275
536,287
536,614
536,771
536,772
536,773
536,792
536,793
536,798
536,799
536,800
537,243
537,244
537,245
537,246
537,247
537,248
537,249
537,274
537,275
537,286
537,287
537,291
537,327
537,768
537,772
537,778
537,782
537,792
537,793
537,799
538,244
538,245
538,246
538,247
538,248
538,249
538,250
538,251
538,275
538,277
538,282
538,285
538,300
538,749
538,759
538,767
538,768
538,774
538,777
538,779
538,780
538,781
538,782
539,245
539,246
539,247
539,248
539,249
539,250
539,251
539,252
539,253
539,274
539,283
539,284
539,616
539,764
539,765
539,766
539,773
539,774
539,782
539,783
539,787
539,788
540,248
540,249
540,250
540,251
540,252
540,253
540,254
540,271
540,283
540,328
540,618
541,251
541,252
541,253
541,254
541,255
541,256
541,269
541,270
541,271
541,272
541,795
542,252
542,253
542,254
542,255
542,256
542,257
542,258
542,261
542,262
542,268
542,269
542,270
542,271
542,272
542,758
542,759
543,254
543,255
543,256
543,257
543,258
543,259
543,260
543,261
543,262
543,263
543,267
543,269
543,271
543,747
543,759
544,255
544,256
544,257
544,260
544,261
544,262
544,263
544,264
544,265
544,266
544,267
544,745
544,746
545,259
545,260
545,261
545,262
545,263
545,264
545,265
545,266
545,744
545,745
546,259
546,262
546,263
546,264
546,265
546,624
547,263
547,264
547,265
547,323
547,743
548,264
549,265
549,740
549,745
549,746
549,768
549,769
550,265
550,337
550,577
550,627
550,739
550,740
550,741
550,743
550,744
550,745
550,746
551,266
551,346
551,740
551,744
552,267
552,272
552,345
552,346
552,737
552,739
552,771
553,268
553,273
554,333
554,736
555,269
555,556
555,736
555,737
555,753
556,270
556,275
556,574
556,603
557,271
557,602
557,603
557,604
557,605
557,607
557,608
557,644
557,645
557,646
558,271
558,272
558,624
558,625
558,626
558,627
558,628
558,629
558,630
558,631
558,632
558,633
558,645
558,646
558,649
559,273
559,284
559,609
559,624
559,625
559,626
559,627
559,628
559,629
559,630
559,631
559,632
559,633
559,645
559,646
559,647
559,648
559,649
559,733
560,273
560,274
560,283
560,624
560,625
560,626
560,627
560,628
560,629
560,630
560,631
560,632
560,634
560,635
560,647
560,732
560,733
561,282
561,624
561,625
561,626
561,627
561,628
561,629
561,630
561,631
561,634
561,635
561,636
561,637
561,638
561,642
561,652
561,731
561,732
561,734
562,238
562,281
562,282
562,623
562,624
562,625
562,626
562,627
562,628
562,629
562,630
562,631
562,634
562,635
562,636
562,637
562,731
562,734
563,279
563,280
563,619
563,620
563,621
563,622
563,623
563,624
563,625
563,626
563,627
563,628
563,629
563,630
563,631
563,632
563,633
563,634
563,635
563,729
563,733
563,734
564,230
564,278
564,279
564,596
564,597
564,728
564,729
564,733
564,734
565,277
565,278
565,591
565,727
565,728
565,729
565,733
565,734
565,755
566,276
566,277
566,573
566,582
566,585
566,727
566,728
566,729
566,733
566,734
566,741
566,790
567,275
567,298
567,726
567,727
567,728
568,274
568,593
568,644
568,724
568,725
568,726
568,727
568,753
568,760
569,272
569,273
569,592
569,593
569,724
569,725
569,726
569,727
569,760
570,253
570,271
570,592
570,593
570,723
570,724
570,725
570,726
570,744
570,745
570,756
570,757
571,253
571,270
571,597
571,724
571,725
571,746
571,757
571,758
571,796
571,797
572,269
572,736
573,264
573,265
573,266
573,267
573,568
573,754
574,263
574,596
574,737
575,208
575,596
575,696
576,282
576,566
577,561
577,597
577,610
577,611
577,765
578,561
578,608
578,609
578,610
578,611
578,612
578,717
578,805
579,551
579,608
579,609
579,755
580,309
580,391
580,613
580,656
580,747
580,748
580,751
580,752
580,807
580,808
581,545
581,559
581,566
581,607
581,613
581,615
581,699
581,751
582,207
582,613
582,614
582,615
582,723
582,751
582,753
583,319
583,614
583,723
583,760
583,761
584,318
584,391
584,614
584,615
584,616
584,754
585,539
585,540
585,615
585,616
585,666
586,207
586,390
586,665
586,666
587,207
587,313
587,359
587,602
587,667
587,668
587,721
588,297
588,602
588,615
588,616
588,617
588,622
588,670
589,615
589,616
589,617
589,618
589,619
589,620
589,621
589,672
589,673
590,297
590,617
590,618
590,619
590,620
590,717
590,736
591,344
591,618
591,619
591,676
591,735
591,736
592,678
592,706
593,681
593,705
593,706
594,713
595,208
595,432
595,548
595,712
595,713
595,727
596,224
596,432
596,433
596,702
596,703
596,723
597,692
597,693
597,711
597,740
598,689
598,690
598,693
598,717
598,718
598,719
598,720
598,731
599,323
599,705
599,717
599,718
599,719
599,748
600,695
600,696
600,697
600,705
600,709
600,716
600,717
600,718
600,737
600,743
601,686
601,696
601,716
601,717
601,718
601,744
601,987
602,685
602,686
602,717
603,739
603,753
603,754
604,233
604,235
604,236
604,697
604,701
604,741
605,328
605,700
605,701
605,730
605,740
606,329
606,700
606,734
607,330
607,560
608,331
609,560
609,718
610,333
610,718
611,334
611,706
611,717
611,718
611,719
611,742
612,278
612,334
612,335
612,718
612,730
613,335
613,336
614,336
614,337
614,346
614,786
614,812
615,814
616,345
617,686
617,687
618,340
620,341
620,561
620,562
620,715
621,345
621,562
621,773
622,345
624,560
624,758
625,560
626,619
628,238
628,618
628,678
630,677
630,758
630,861
634,275
634,462
634,567
634,568
635,273
635,556
636,270
636,441
637,261
637,262
637,264
637,265
637,267
637,441
637,486
637,638
637,671
638,486
638,638
638,670
640,628
640,629
640,632
640,633
640,654
640,1002
642,353
642,578
643,458
644,458
645,459
646,365
647,361
648,360
648,361
648,473
649,360
649,361
649,473
649,474
650,359
650,360
650,473
650,623
651,358
651,359
651,360
651,449
651,473
651,623
652,358
652,359
652,498
652,499
652,629
652,630
652,639
653,358
653,365
653,627
653,628
653,629
653,658
654,632
654,633
656,401
657,401
657,626
657,627
657,629
657,726
658,462
659,625
659,626
659,627
660,627
661,626
661,642
662,369
662,569
662,580
662,628
662,905
663,447
663,580
663,635
663,636
664,535
664,536
664,558
664,559
664,560
664,565
664,637
664,638
664,639
665,366
665,534
665,535
665,559
665,625
665,639
665,642
665,854
666,365
666,534
666,547
666,594
666,613
666,625
666,854
667,365
667,533
667,559
667,614
667,854
667,855
668,365
668,533
668,559
668,596
668,597
668,599
668,616
668,621
668,629
669,366
669,373
669,374
669,533
669,559
669,630
669,972
670,366
670,367
670,368
670,371
670,372
670,373
670,374
670,375
670,571
670,600
670,915
670,970
671,367
671,368
671,369
671,370
671,371
671,372
671,373
671,374
671,375
671,571
671,574
671,575
671,576
671,577
671,916
671,969
672,371
672,372
672,373
672,374
672,375
672,460
672,461
672,604
672,851
673,372
673,373
673,374
673,462
673,537
673,542
673,918
673,972
673,973
673,974
674,534
674,535
674,536
674,541
674,542
674,543
674,581
674,639
675,534
675,535
675,536
675,537
675,540
675,541
675,542
675,543
675,882
676,536
676,537
676,540
676,541
676,1010
677,436
677,489
677,540
677,575
677,640
677,1010
677,1011
678,411
678,499
678,572
678,615
678,872
679,499
679,572
679,579
679,614
679,615
679,869
679,872
679,875
679,876
679,877
680,438
680,577
680,622
680,783
680,869
680,870
680,875
680,877
680,878
681,438
681,574
681,618
681,868
681,869
681,878
682,438
682,548
682,549
682,574
682,575
682,617
682,970
683,439
683,586
683,869
683,870
683,1044
683,1045
684,458
684,459
684,636
684,779
684,780
684,869
684,870
685,458
685,459
685,460
685,566
685,777
685,778
685,779
685,785
685,786
685,787
685,1028
685,1029
686,778
686,782
686,865
687,617
687,778
687,781
688,569
688,617
688,812
688,813
688,822
688,979
688,980
688,981
688,982
689,745
689,812
689,813
689,868
689,979
689,982
689,1041
689,1042
689,1043
689,1044
690,977
690,978
691,513
691,517
691,616
691,617
691,654
691,824
691,1000
692,512
692,614
692,615
692,616
692,652
692,822
692,823
692,994
692,995
692,1010
693,614
693,615
693,649
693,777
693,794
693,831
694,614
694,615
694,616
694,638
694,639
694,763
694,777
694,932
694,1045
694,1046
694,1047
694,1048
695,607
695,614
695,615
695,616
695,778
695,931
695,932
695,933
695,1057
696,513
696,606
696,614
696,615
696,616
696,778
696,931
696,932
696,1058
697,613
697,614
697,615
697,737
697,1015
697,1016
698,435
698,613
698,614
698,736
698,737
698,829
698,890
698,1010
698,1034
699,734
699,735
699,736
699,737
699,738
699,825
699,826
699,827
699,828
699,829
699,830
699,961
699,962
699,963
699,1012
699,1035
700,451
700,734
700,735
700,736
700,737
700,738
700,744
700,745
700,746
700,797
700,825
700,826
700,827
700,828
700,829
701,452
701,611
701,736
701,737
701,738
701,739
701,743
701,744
701,745
701,746
701,813
701,814
701,825
701,826
701,827
701,828
701,829
701,830
701,964
701,996
701,1042
702,577
702,611
702,736
702,737
702,738
702,739
702,740
702,742
702,743
702,744
702,758
702,813
702,814
702,825
702,826
702,827
702,830
702,831
702,832
702,848
702,851
702,945
702,983
702,997
702,1041
702,1042
703,428
703,429
703,454
703,455
703,510
703,511
703,738
703,744
703,755
703,758
703,762
703,785
703,786
703,825
703,826
703,827
703,831
703,832
703,833
703,857
703,889
703,890
703,998
703,1005
703,1006
703,1007
703,1008
703,1009
703,1017
703,1040
703,1041
703,1042
703,1043
703,1044
704,427
704,428
704,429
704,455
704,456
704,743
704,744
704,745
704,755
704,758
704,759
704,822
704,823
704,825
704,826
704,827
704,828
704,831
704,832
704,833
704,834
704,885
704,889
704,901
704,998
704,999
704,1005
704,1007
704,1008
704,1019
704,1020
704,1022
704,1040
704,1041
704,1042
704,1047
705,427
705,456
705,619
705,620
705,743
705,744
705,745
705,754
705,755
705,756
705,757
705,758
705,761
705,785
705,816
705,817
705,822
705,823
705,824
705,825
705,826
705,827
705,828
705,829
705,830
705,831
705,832
705,833
705,834
705,994
705,995
705,1027
705,1029
705,1030
705,1040
705,1041
705,1042
705,1043
706,451
706,619
706,744
706,745
706,747
706,748
706,754
706,755
706,756
706,757
706,758
706,764
706,785
706,786
706,789
706,793
706,815
706,816
706,821
706,822
706,823
706,824
706,825
706,826
706,827
706,828
706,829
706,830
706,831
706,832
706,833
706,834
706,853
706,994
706,995
706,996
706,997
706,998
706,1003
706,1004
706,1025
706,1029
706,1030
706,1031
706,1040
706,1041
706,1042
706,1043
707,739
707,740
707,741
707,742
707,743
707,744
707,746
707,751
707,753
707,755
707,756
707,758
707,759
707,764
707,820
707,821
707,822
707,823
707,824
707,825
707,826
707,827
707,828
707,829
707,830
707,831
707,832
707,833
707,834
707,838
707,839
707,884
707,885
707,886
707,951
707,994
707,995
707,996
707,997
707,998
707,999
707,1004
707,1014
707,1015
707,1033
707,1039
707,1042
708,616
708,617
708,739
708,740
708,741
708,742
708,743
708,753
708,755
708,756
708,820
708,821
708,822
708,823
708,824
708,825
708,826
708,827
708,828
708,829
708,830
708,831
708,832
708,833
708,838
708,839
708,953
708,994
708,995
708,996
708,997
708,998
708,1006
708,1007
708,1014
708,1015
708,1016
708,1033
709,459
709,602
709,616
709,738
709,739
709,740
709,741
709,742
709,743
709,744
709,753
709,793
709,821
709,822
709,823
709,824
709,825
709,826
709,827
709,828
709,829
709,830
709,831
709,832
709,838
709,839
709,994
709,997
709,998
709,1008
709,1015
709,1033
710,593
710,597
710,603
710,604
710,739
710,740
710,741
710,742
710,743
710,744
710,752
710,753
710,790
710,825
710,826
710,827
710,828
710,829
710,830
710,831
710,832
710,853
710,868
710,870
710,993
710,994
710,995
710,997
710,998
710,1009
710,1032
710,1033
710,1034
710,1047
711,452
711,739
711,740
711,757
711,758
711,815
711,826
711,827
711,828
711,829
711,830
711,831
711,832
711,833
711,1012
711,1033
711,1034
711,1035
711,1046
711,1047
712,462
712,614
712,737
712,739
712,757
712,760
712,761
712,822
712,826
712,827
712,828
712,829
712,830
712,831
712,833
712,1006
712,1035
712,1036
712,1060
713,605
713,736
713,737
713,760
713,761
713,785
713,815
713,816
713,819
713,821
713,822
713,823
713,826
713,828
713,829
713,830
713,831
713,851
713,852
713,855
713,1006
713,1007
713,1008
713,1014
713,1015
713,1049
713,1055
713,1059
713,1060
714,463
714,604
714,733
714,743
714,757
714,758
714,759
714,760
714,761
714,786
714,818
714,820
714,821
714,822
714,823
714,846
714,849
714,851
714,1009
714,1020
714,1021
714,1022
714,1050
715,464
715,688
715,757
715,758
715,759
715,760
715,784
715,789
715,818
715,820
715,821
715,822
715,823
715,824
715,829
715,833
715,834
715,835
715,836
715,1017
716,757
716,758
716,759
716,820
716,821
716,822
716,823
716,827
716,828
716,829
716,832
716,833
716,834
716,835
716,836
716,1011
716,1012
717,432
717,490
717,491
717,510
717,737
717,758
717,759
717,798
717,821
717,822
717,823
717,824
717,828
717,829
717,832
717,967
717,1033
717,1034
717,1036
717,1037
718,489
718,490
718,491
718,492
718,499
718,776
718,816
718,818
718,819
718,820
718,821
718,822
718,823
718,824
718,825
718,826
718,827
718,828
718,829
718,830
718,1034
718,1038
718,1048
718,1055
718,1056
719,451
719,489
719,490
719,491
719,492
719,493
719,498
719,695
719,739
719,748
719,749
719,764
719,776
719,777
719,780
719,781
719,782
719,783
719,816
719,817
719,820
719,821
719,822
719,823
719,824
719,825
719,826
719,854
719,855
719,969
719,1004
719,1039
719,1049
720,492
720,493
720,507
720,695
720,749
720,776
720,777
720,778
720,779
720,780
720,782
720,783
720,818
720,819
720,820
720,821
720,822
720,823
720,824
720,853
720,854
720,855
720,856
720,1019
720,1050
721,492
721,493
721,502
721,503
721,504
721,505
721,506
721,525
721,640
721,742
721,765
721,766
721,817
721,818
721,819
721,821
721,822
721,854
721,855
721,856
722,497
722,504
722,517
722,518
722,741
722,742
722,746
722,754
722,767
722,772
722,791
722,817
722,818
722,854
722,855
722,856
722,857
722,858
722,859
722,1015
722,1022
722,1025
722,1026
723,465
723,466
723,496
723,532
723,741
723,746
723,818
723,854
723,855
723,856
723,857
723,858
723,859
723,931
723,932
723,1049
723,1054
723,1055
724,446
724,447
724,468
724,508
724,532
724,721
724,850
724,855
724,856
724,857
724,858
724,1050
724,1051
724,1055
724,1059
724,1060
725,447
725,497
725,508
725,738
725,850
725,851
725,856
725,857
725,858
725,860
725,861
725,1035
725,1051
725,1052
725,1056
725,1064
726,452
726,498
726,507
726,516
726,787
726,818
726,856
726,857
726,858
726,859
726,860
726,861
726,862
726,863
726,1052
726,1053
727,430
727,856
727,857
727,858
727,859
727,860
727,861
727,862
727,863
727,864
727,1051
727,1053
728,467
728,525
728,856
728,857
728,858
728,859
728,860
728,861
728,862
728,863
728,864
728,865
728,980
729,468
729,525
729,718
729,857
729,858
729,859
729,860
729,861
729,862
729,863
729,864
729,865
729,981
729,1040
730,596
730,718
730,857
730,858
730,859
730,860
730,861
730,863
730,864
730,1040
730,1059
731,451
731,589
731,857
731,858
731,859
731,860
731,861
731,862
731,863
731,864
731,1038
731,1039
731,1060
731,1061
731,1062
731,1063
732,451
732,452
732,587
732,651
732,858
732,859
732,860
732,861
732,862
732,863
732,864
732,1025
732,1026
732,1027
732,1036
732,1064
733,451
733,452
733,475
733,498
733,604
733,748
733,859
733,860
733,861
733,862
733,1040
733,1047
733,1048
733,1049
734,497
734,558
734,653
734,857
734,858
734,859
734,860
734,861
734,862
734,863
734,1040
734,1041
734,1042
734,1062
735,461
735,473
735,474
735,475
735,476
735,526
735,599
735,858
735,859
735,861
735,862
735,863
735,1033
735,1034
735,1039
736,472
736,474
736,487
736,492
736,511
736,536
736,989
736,1035
736,1036
736,1039
736,1051
736,1059
736,1060
736,1061
737,465
737,471
737,472
737,474
737,495
737,523
737,536
737,537
737,990
737,1035
737,1036
737,1038
738,471
738,474
738,836
738,991
738,1036
738,1037
738,1053
739,440
739,469
739,470
739,493
739,992
739,1044
739,1048
739,1049
740,467
740,468
740,518
740,534
740,578
740,1054
741,465
741,466
741,497
741,644
741,647
741,649
741,709
741,860
741,995
741,1056
741,1058
741,1059
741,1060
742,464
742,465
742,466
742,493
742,502
742,519
742,523
742,524
742,544
742,708
742,995
742,996
742,1059
742,1063
743,464
743,465
743,466
743,490
743,494
743,500
743,512
743,513
743,519
743,521
743,522
743,545
743,1063
744,459
744,460
744,461
744,462
744,514
744,521
744,544
744,545
744,1055
744,1057
744,1058
744,1059
745,459
745,460
745,492
745,495
745,496
745,514
745,515
745,526
745,533
745,540
745,545
745,632
745,1058
745,1059
745,1060
746,496
746,530
746,534
746,707
747,431
747,506
747,515
747,516
747,708
747,1020
748,514
748,515
748,628
748,702
748,703
748,1061
749,627
749,678
749,679
749,680
749,681
749,682
749,701
749,702
749,1061
749,1062
750,499
750,500
750,535
750,675
750,676
750,677
750,678
750,679
750,680
750,681
750,682
750,683
750,696
750,697
750,698
750,699
750,700
750,701
751,499
751,503
751,534
751,543
751,550
751,591
751,674
751,675
751,681
751,682
751,683
751,684
751,694
751,695
751,696
751,697
751,698
751,699
751,700
751,701
751,1020
752,481
752,504
752,517
752,668
752,675
752,682
752,683
752,684
752,685
752,686
752,687
752,688
752,689
752,690
752,695
752,699
752,700
752,701
753,336
753,482
753,536
753,668
753,682
753,683
753,684
753,685
753,686
753,687
753,688
753,689
753,700
753,701
754,334
754,536
754,700
754,701
754,702
754,844
755,334
755,521
755,522
755,535
755,701
755,702
756,340
756,549
756,673
756,674
756,692
756,693
756,694
756,701
756,702
757,338
757,506
757,518
757,527
757,673
757,674
757,691
757,692
757,693
757,694
757,695
758,326
758,439
758,560
758,673
758,674
758,690
758,691
758,692
758,693
758,694
758,695
758,1013
759,522
759,531
759,537
759,554
759,674
759,675
759,689
759,690
759,691
759,692
759,693
759,694
759,695
759,975
759,976
759,977
760,323
760,529
760,530
760,661
760,662
760,674
760,675
760,689
760,690
760,691
760,692
760,693
760,694
760,695
760,711
760,976
760,977
760,1010
761,341
761,529
761,549
761,674
761,675
761,676
761,677
761,689
761,690
761,691
761,692
761,693
761,695
761,700
761,701
761,1007
762,526
762,527
762,661
762,662
762,673
762,674
762,675
762,676
762,677
762,688
762,689
762,690
762,691
762,692
762,693
762,694
762,700
762,701
762,702
762,1004
762,1005
762,1018
763,447
763,662
763,663
763,669
763,671
763,672
763,673
763,674
763,675
763,676
763,677
763,678
763,689
763,690
763,691
763,692
763,700
763,701
763,702
763,703
763,704
763,1030
764,444
764,448
764,662
764,663
764,671
764,672
764,673
764,674
764,675
764,676
764,677
764,678
764,682
764,690
765,443
765,444
765,449
765,671
765,672
765,673
765,674
765,675
765,676
765,677
765,678
765,682
765,683
765,705
765,706
765,977
765,1021
766,252
766,253
766,317
766,426
766,440
766,441
766,442
766,443
766,444
766,445
766,449
766,511
766,591
766,672
766,673
766,674
766,675
766,676
766,682
766,683
766,684
766,695
766,696
766,706
766,707
767,316
767,322
767,439
767,440
767,441
767,442
767,443
767,444
767,445
767,451
767,672
767,683
767,684
767,685
767,692
767,693
767,694
767,695
767,696
767,697
767,706
767,977
767,978
767,979
767,981
767,982
767,983
768,316
768,321
768,428
768,439
768,440
768,441
768,442
768,443
768,444
768,445
768,446
768,451
768,453
768,534
768,606
768,667
768,672
768,684
768,685
768,691
768,692
768,693
768,694
768,695
768,696
768,697
768,909
768,910
768,979
768,980
768,981
768,982
768,983
768,984
768,985
768,990
768,1025
769,438
769,439
769,440
769,441
769,442
769,443
769,444
769,445
769,446
769,447
769,448
769,534
769,608
769,671
769,672
769,686
769,687
769,689
769,690
769,691
769,692
769,693
769,694
769,695
769,696
769,909
769,910
769,979
769,980
769,1026
770,259
770,437
770,438
770,439
770,440
770,441
770,442
770,443
770,444
770,445
770,448
770,511
770,663
770,671
770,672
770,688
770,689
770,690
770,691
770,692
770,693
770,694
770,908
770,909
770,910
770,979
770,980
771,271
771,305
771,437
771,438
771,439
771,440
771,443
771,444
771,448
771,611
771,978
771,979
771,980
771,981
771,1028
772,436
772,437
772,438
772,439
772,440
772,442
772,443
772,522
772,549
772,914
772,915
772,916
772,978
772,979
772,988
773,436
773,437
773,438
773,439
773,440
773,442
773,443
773,508
773,516
773,915
774,278
774,315
774,435
774,436
774,437
774,438
774,439
774,440
774,442
774,554
774,973
774,986
775,274
775,311
775,321
775,435
775,436
775,437
775,438
775,439
775,440
775,441
775,442
775,451
775,715
775,983
775,984
775,985
775,986
776,309
776,435
776,436
776,437
776,438
776,439
776,441
776,442
776,528
776,859
776,860
776,983
776,984
776,985
776,986
776,1033
777,266
777,270
777,315
777,435
777,436
777,437
777,438
777,439
777,441
777,442
777,516
777,528
777,537
777,650
777,660
777,661
777,983
777,984
777,985
777,986
778,436
778,437
778,438
778,439
778,441
778,442
778,452
778,524
778,650
778,660
778,983
778,984
778,985
778,986
779,437
779,438
779,439
779,441
779,442
779,651
779,660
780,438
780,439
780,440
780,441
780,442
780,650
780,651
780,688
780,987
780,1001
781,254
781,440
781,441
781,660
781,688
781,689
781,690
781,867
781,987
781,1018
782,681
782,685
782,686
782,688
782,689
782,690
782,859
782,932
782,933
782,1017
782,1020
783,612
783,617
783,629
783,655
783,686
783,689
783,854
783,978
783,1009
784,257
784,519
784,568
784,662
784,663
784,666
784,668
784,669
784,853
784,854
784,855
784,978
784,1003
784,1004
785,271
785,272
785,523
785,850
785,851
785,854
785,855
785,905
785,914
785,925
785,926
785,1005
785,1041
786,265
786,288
786,514
786,521
786,522
786,523
786,847
786,848
786,850
786,915
786,976
786,1007
786,1009
786,1042
787,251
787,288
787,521
787,522
787,532
787,674
787,677
787,846
787,847
787,872
787,916
787,976
787,1010
787,1017
788,528
788,576
788,678
788,1018
789,470
789,661
789,662
789,860
789,981
790,446
790,546
790,662
790,762
790,861
790,871
790,872
790,873
790,981
791,445
791,498
791,537
791,662
791,663
791,680
791,684
791,869
791,873
792,524
792,525
792,662
792,680
792,820
792,821
792,822
792,823
792,861
792,863
792,864
792,866
792,932
792,933
792,980
792,1013
793,270
793,320
793,512
793,521
793,578
793,815
793,816
793,861
793,862
793,863
793,870
793,871
793,872
793,939
793,981
793,1047
794,521
794,522
794,869
794,870
794,871
794,936
795,505
795,542
795,571
795,576
795,852
795,853
795,870
795,935
795,936
795,989
795,992
795,993
795,1000
795,1001
795,1002
795,1003
795,1004
796,283
796,539
796,541
796,559
796,683
796,684
796,834
796,988
796,989
796,990
796,993
796,994
796,995
796,1011
796,1012
797,264
797,318
797,331
797,332
797,446
797,528
797,556
797,988
798,796
798,843
798,932
798,988
799,530
799,533
799,534
799,535
799,569
799,710
799,864
799,923
799,924
799,955
799,956
800,445
800,528
800,570
800,683
800,684
800,685
800,790
800,791
800,826
800,865
800,866
800,873
800,874
800,875
800,876
800,899
801,338
801,469
801,683
801,684
801,699
801,741
801,781
801,782
801,784
801,790
801,791
801,818
801,824
801,825
801,826
801,867
801,873
801,874
801,876
801,925
801,926
802,321
802,342
802,543
802,726
802,785
802,789
802,790
802,819
802,867
802,869
802,870
802,873
802,874
802,925
802,926
802,949
802,963
802,1053
803,525
803,702
803,717
803,819
803,820
803,868
803,869
803,875
803,958
803,959
803,962
803,986
803,1003
803,1004
803,1005
803,1009
803,1010
803,1011
803,1012
804,430
804,431
804,721
804,819
804,820
804,874
804,875
804,876
804,877
804,960
804,961
804,984
804,986
804,1002
804,1004
804,1009
804,1010
804,1011
804,1012
804,1013
804,1014
804,1015
805,327
805,344
805,428
805,534
805,535
805,845
805,873
805,874
805,875
805,876
805,959
805,960
805,961
805,962
805,984
805,985
805,986
805,1010
805,1011
805,1012
805,1013
805,1014
805,1015
806,343
806,532
806,542
806,815
806,844
806,845
806,873
806,874
806,875
806,876
806,877
806,959
806,962
806,984
806,985
806,986
806,987
806,988
806,989
807,250
807,338
807,349
807,525
807,529
807,532
807,533
807,815
807,843
807,844
807,845
807,875
807,876
807,877
807,883
807,959
807,984
808,324
808,348
808,444
808,525
808,532
808,533
808,717
808,816
808,817
808,819
808,876
808,877
808,878
808,954
808,1056
809,265
809,332
809,443
809,539
809,816
809,817
809,877
809,878
809,1005
809,1006
809,1007
810,442
810,535
810,536
810,538
810,838
810,897
810,1018
810,1057
811,306
811,439
811,440
811,441
811,527
811,536
811,537
811,814
811,843
811,844
811,959
811,960
811,975
811,976
811,1010
811,1018
811,1023
812,306
812,311
812,321
812,536
812,794
812,815
812,817
812,818
812,838
812,971
812,1024
813,321
813,335
813,530
813,533
813,606
813,839
813,872
813,973
813,1010
814,816
814,817
814,839
814,985
814,1009
814,1059
815,485
815,618
815,693
815,721
816,337
816,623
816,698
816,715
816,810
816,817
816,818
816,847
816,903
817,305
817,306
817,668
817,715
817,722
817,816
817,817
817,818
817,841
817,904
818,304
818,305
818,344
818,504
818,668
818,723
818,817
818,879
818,887
818,1061
819,304
819,305
819,477
819,478
819,479
819,480
819,504
819,531
819,609
819,878
819,973
819,982
819,1062
820,304
820,328
820,476
820,477
820,478
820,479
820,480
820,550
820,715
820,879
820,896
820,963
820,964
821,266
821,473
821,474
821,475
821,476
821,477
821,478
821,479
821,480
821,860
821,879
821,893
821,896
821,897
821,964
821,965
821,966
822,309
822,472
822,473
822,474
822,475
822,476
822,477
822,478
822,479
822,541
822,857
822,878
822,879
822,904
822,905
822,914
823,260
823,308
823,471
823,472
823,473
823,474
823,475
823,476
823,477
823,478
823,479
823,534
823,664
823,857
823,875
823,876
823,877
823,896
823,907
823,910
823,911
824,313
824,470
824,471
824,472
824,473
824,474
824,475
824,476
824,477
824,478
824,479
824,480
824,534
824,535
824,583
824,810
824,874
824,875
824,898
824,911
824,1063
825,303
825,313
825,365
825,470
825,471
825,472
825,473
825,474
825,475
825,476
825,477
825,478
825,479
825,480
825,481
825,535
825,663
825,665
825,666
825,676
825,872
825,873
825,895
825,898
825,937
826,297
826,303
826,469
826,470
826,471
826,472
826,473
826,474
826,475
826,476
826,477
826,478
826,479
826,480
826,481
826,740
826,741
826,869
826,870
826,871
826,897
826,898
826,912
827,302
827,317
827,341
827,469
827,470
827,471
827,472
827,473
827,474
827,475
827,476
827,477
827,478
827,479
827,480
827,837
827,869
827,870
827,896
827,933
827,968
828,301
828,469
828,470
828,471
828,472
828,473
828,474
828,475
828,476
828,477
828,478
828,492
828,626
828,742
828,811
828,868
828,933
828,934
829,337
829,358
829,469
829,470
829,471
829,472
829,473
829,474
829,475
829,476
829,477
829,536
829,537
829,701
829,702
829,892
829,893
829,894
829,932
829,990
830,300
830,331
830,336
830,469
830,470
830,471
830,472
830,473
830,474
830,475
830,476
830,581
830,680
830,701
830,702
830,854
830,856
830,857
830,991
830,992
830,993
831,300
831,320
831,351
831,469
831,470
831,471
831,472
831,473
831,474
831,475
831,476
831,485
831,486
831,554
831,852
831,854
831,856
831,857
831,895
831,986
831,992
831,993
832,301
832,470
832,471
832,472
832,473
832,474
832,475
832,485
832,486
832,648
832,663
832,815
832,895
832,943
832,944
833,301
833,335
833,365
833,471
833,472
833,473
833,484
833,485
833,486
833,487
833,845
833,895
833,924
833,969
833,997
834,301
834,472
834,485
834,486
834,487
834,553
834,844
834,845
834,853
834,854
834,861
834,862
834,895
834,896
834,902
834,903
834,904
834,922
834,923
834,924
834,946
834,947
834,997
835,325
835,330
835,546
835,614
835,615
835,810
835,811
835,844
835,845
835,894
835,895
835,901
835,902
835,903
835,904
835,930
835,931
836,315
836,329
836,334
836,545
836,615
836,616
836,625
836,752
836,811
836,844
836,863
836,894
836,895
836,896
836,897
836,898
836,899
836,900
836,901
836,902
836,903
836,904
836,930
836,931
836,941
836,995
836,996
837,491
837,541
837,544
837,565
837,625
837,844
837,863
837,893
837,894
837,895
837,896
837,897
837,898
837,899
837,900
837,901
837,902
837,903
837,904
837,905
837,937
837,940
837,994
837,995
838,318
838,362
838,364
838,492
838,543
838,565
838,623
838,624
838,625
838,855
838,894
838,895
838,896
838,897
838,898
838,899
838,900
838,901
838,902
838,903
838,904
838,905
838,906
839,309
839,492
839,553
839,569
839,624
839,894
839,895
839,896
839,897
839,898
839,899
839,900
839,901
839,902
839,903
839,904
839,905
839,906
839,968
839,999
839,1001
840,358
840,491
840,492
840,598
840,624
840,651
840,668
840,894
840,895
840,896
840,897
840,898
840,899
840,900
840,901
840,902
840,903
840,904
840,905
840,914
840,979
840,982
840,983
840,1000
840,1001
841,323
841,490
841,491
841,492
841,593
841,596
841,630
841,659
841,894
841,895
841,896
841,897
841,898
841,899
841,900
841,901
841,902
841,903
841,904
841,905
841,913
841,914
841,915
841,979
841,980
842,314
842,315
842,353
842,376
842,482
842,483
842,484
842,485
842,488
842,489
842,490
842,491
842,567
842,648
842,658
842,894
842,895
842,896
842,897
842,898
842,899
842,900
842,901
842,902
842,903
842,904
842,905
842,919
842,946
842,953
842,954
843,481
843,482
843,483
843,484
843,485
843,486
843,487
843,488
843,489
843,490
843,491
843,492
843,493
843,567
843,629
843,735
843,894
843,895
843,896
843,897
843,898
843,899
843,900
843,901
843,902
843,903
843,904
843,905
843,906
843,919
843,983
844,479
844,481
844,482
844,483
844,484
844,485
844,486
844,487
844,488
844,489
844,490
844,491
844,492
844,731
844,732
844,894
844,895
844,896
844,897
844,898
844,899
844,900
844,901
844,902
844,903
844,904
844,905
844,906
844,918
844,922
844,938
844,941
844,942
845,300
845,370
845,380
845,480
845,481
845,482
845,483
845,484
845,485
845,486
845,487
845,488
845,489
845,490
845,491
845,586
845,894
845,895
845,896
845,897
845,898
845,899
845,900
845,901
845,902
845,903
845,904
845,905
845,906
845,913
845,920
845,921
845,984
845,985
846,318
846,379
846,480
846,481
846,482
846,483
846,484
846,485
846,486
846,487
846,488
846,489
846,729
846,781
846,782
846,895
846,896
846,897
846,898
846,899
846,900
846,901
846,902
846,903
846,904
846,905
846,906
846,912
846,915
846,935
846,984
846,985
847,299
847,327
847,328
847,332
847,342
847,379
847,482
847,483
847,484
847,485
847,486
847,614
847,615
847,616
847,619
847,728
847,858
847,895
847,896
847,897
847,898
847,899
847,900
847,901
847,902
847,903
847,904
847,905
847,906
847,913
847,915
847,925
847,926
847,944
847,965
847,984
848,299
848,325
848,332
848,473
848,474
848,482
848,483
848,484
848,485
848,571
848,572
848,573
848,618
848,895
848,896
848,897
848,898
848,899
848,900
848,901
848,902
848,903
848,904
848,905
848,906
848,913
848,915
849,331
849,472
849,473
849,474
849,483
849,484
849,485
849,515
849,557
849,561
849,568
849,569
849,570
849,724
849,895
849,896
849,897
849,898
849,899
849,900
849,901
849,902
849,903
849,904
849,905
849,906
849,913
849,914
850,471
850,472
850,473
850,474
850,475
850,483
850,484
850,485
850,566
850,569
850,570
850,657
850,721
850,722
850,896
850,897
850,898
850,899
850,900
850,901
850,902
850,903
850,904
850,905
850,906
850,914
851,471
851,472
851,473
851,474
851,475
851,482
851,483
851,484
851,485
851,502
851,566
851,719
851,720
851,721
851,857
851,896
851,897
851,898
851,899
851,900
851,901
851,902
852,471
852,472
852,473
852,474
852,475
852,476
852,481
852,482
852,483
852,484
852,485
852,562
852,563
852,617
852,623
852,719
852,720
852,721
852,898
852,914
852,933
853,471
853,472
853,473
853,474
853,475
853,476
853,477
853,478
853,479
853,480
853,481
853,482
853,483
853,516
853,561
853,562
853,592
853,617
853,715
853,716
853,927
853,933
854,340
854,341
854,472
854,473
854,474
854,475
854,476
854,477
854,478
854,479
854,480
854,481
854,482
854,505
854,516
854,591
854,594
854,595
855,473
855,474
855,475
855,476
855,477
855,478
855,479
855,480
855,481
855,487
855,514
855,860
856,474
856,475
856,476
856,477
856,478
856,479
856,480
856,816
857,474
857,475
857,476
857,477
857,478
857,707
858,301
858,303
858,475
858,476
858,477
858,620
858,710
858,711
858,900
859,300
859,482
859,703
859,900
860,300
860,320
860,482
861,320
861,328
861,329
861,366
861,509
861,631
862,365
862,696
862,697
862,698
862,699
863,364
863,522
863,686
863,695
863,696
863,698
864,669
864,689
864,847
865,307
865,316
865,341
865,666
865,667
865,669
865,717
865,718
866,340
866,855
867,339
867,891
869,318
869,324
869,335
869,600
869,605
869,671
869,720
869,1025
870,324
870,611
870,709
870,710
870,1026
871,611
872,484
872,702
872,729
873,649
873,724
873,727
873,970
873,971
874,522
874,724
874,725
875,334
875,335
875,679
875,688
875,702
876,523
876,652
876,678
876,695
876,714
877,686
878,527
878,574
879,527
879,624
879,630
879,682
879,805
881,571
882,570
882,634
883,522
883,570
883,912
884,521
884,522
884,680
884,681
884,708
885,522
885,555
885,609
885,680
885,681
886,638
886,639
887,519
887,618
887,629
887,675
887,703
888,518
888,558
888,616
888,617
888,618
888,631
888,671
888,672
888,673
888,674
888,675
889,549
889,616
889,617
889,618
889,621
889,637
889,673
889,674
890,516
890,760
891,815
892,549
892,550
892,564
893,513
893,563
893,564
893,667
893,668
894,691
895,610
895,611
895,837
896,551
896,609
897,544
898,619
899,541
899,708
900,584
900,680
900,681
901,493
901,494
901,496
901,680
901,781
902,538
903,487
904,483
904,536
905,541
905,577
907,539
907,540
907,571
908,490
908,522
908,539
908,540
910,556
910,557
910,559
911,586
912,527
912,859
913,577
914,572
914,864
914,930
915,573
915,655
915,930
916,573
916,586
916,603
916,928
916,929
917,552
917,576
917,926
917,927
917,928
918,984
919,535
919,981
921,560
922,560
925,492
925,493
925,494
925,549
926,549
926,550
927,550
927,551
927,903
928,551
928,552
929,552
929,553
929,568
930,559
930,567
930,568
931,568
934,992
935,893
935,990
936,612
936,890
936,990
936,991
936,1017
936,1018
936,1057
936,1058
936,1064
937,612
938,1057
938,1058
939,560
939,575
939,893
939,1027
939,1056
940,575
940,576
940,588
940,898
940,1036
940,1037
940,1060
941,563
941,564
941,577
941,997
941,998
941,999
941,1036
941,1037
942,996
942,997
942,1037
942,1053
943,592
943,593
943,1022
943,1030
944,566
944,567
944,899
944,1054
945,567
945,568
945,1059
945,1060
946,568
946,673
946,1024
946,1025
946,1033
947,570
947,571
947,1062
948,601
948,985
948,1056
949,554
949,555
949,1054
949,1055
949,1063
950,554
950,555
950,556
950,1035
951,557
951,953
951,1051
952,543
952,544
952,545
952,557
952,790
953,542
953,543
953,544
953,556
953,557
953,608
953,950
954,541
954,542
954,543
954,556
954,608
954,609
954,610
954,611
954,711
955,540
955,541
955,542
955,556
955,610
955,1045
956,537
956,538
956,539
956,540
956,541
956,555
956,556
956,1044
957,537
957,538
957,555
958,555
959,554
959,555
959,889
959,939
960,549
960,550
960,554
961,549
961,550
961,551
961,552
961,553
961,554
961,894
961,903
962,549
962,550
962,551
962,552
962,892
962,903
963,549
963,898
963,899
964,913
965,549
965,946
966,550
966,1046
967,550
968,550
969,550
969,784
971,549
971,603
971,604
971,898
971,900
972,548
972,860
973,547
973,548
973,610
973,611
973,947
974,543
974,545
974,546
974,547
974,552
974,553
974,947
974,948
974,949
975,552
975,553
975,1052
976,916
976,917
977,554
977,916
977,917
977,918
977,919
977,948
978,554
978,916
978,1054
979,554
980,554
981,548
981,555
981,864
982,548
982,549
982,555
982,864
983,549
983,556
983,557
983,865
984,537
984,549
984,550
984,557
984,558
985,549
985,550
985,558
985,612
986,550
986,551
986,560
986,574
986,575
986,589
986,590
986,611
987,551
987,552
987,561
987,562
987,563
987,574
987,575
987,576
987,577
987,590
987,591
987,609
987,629
987,630
988,552
988,553
988,563
988,564
988,565
988,573
988,574
988,575
988,576
988,577
988,591
988,592
988,608
988,609
988,630
988,631
988,721
989,553
989,554
989,566
989,567
989,568
989,569
989,570
989,571
989,572
989,573
989,574
989,575
989,591
989,592
989,607
989,697
990,554
990,555
990,591
990,592
990,697
990,708
990,1040
991,591
991,592
991,599
991,600
991,604
991,605
991,638
992,591
992,592
992,600
992,601
992,602
992,603
992,604
992,634
992,674
993,590
993,591
993,673
993,724
993,882
993,883
993,1042
994,589
994,590
994,591
994,672
994,716
994,719
994,720
994,725
994,880
994,881
994,882
994,883
994,1040
994,1041
994,1042
994,1045
994,1046
995,589
995,590
995,726
995,878
995,879
995,880
995,881
995,1034
995,1039
995,1042
996,588
996,669
996,720
996,876
996,877
996,878
996,879
996,880
996,881
996,1043
997,588
997,710
997,874
997,875
997,876
997,877
997,878
997,879
997,880
997,881
997,1042
997,1043
997,1047
997,1048
997,1053
997,1059
998,588
998,589
998,620
998,874
998,875
998,876
998,877
998,878
998,879
998,880
998,1029
998,1041
998,1042
998,1043
998,1053
999,589
999,590
999,874
999,875
999,876
999,877
999,878
999,1039
999,1040
999,1041
999,1050
999,1053
1000,590
1000,591
1000,592
1000,635
1000,874
1000,875
1000,876
1000,877
1000,1039
1000,1040
1000,1041
1000,1042
1000,1052
1000,1053
1000,1056
1000,1057
1001,591
1001,592
1001,593
1001,633
1001,692
1001,875
1001,876
1002,592
1002,593
1002,594
1002,1051
1003,593
1003,594
1003,595
1003,1050
1003,1051
1004,594
1004,595
1004,596
1004,597
1004,630
1004,714
1004,1034
1004,1051
1004,1052
1004,1053
1005,595
1005,596
1005,597
1005,598
1005,599
1005,984
1005,1034
1005,1051
1005,1052
1005,1053
1005,1057
1006,597
1006,598
1006,599
1006,600
1006,601
1006,1059
1007,600
1007,601
1007,602
1007,603
1007,1040
1007,1041
1007,1042
1007,1058
1007,1059
1008,602
1008,603
1008,1040
1008,1041
1008,1042
1009,602
1009,603
1009,604
1009,819
1009,820
1009,821
1009,1040
1009,1041
1009,1050
1010,603
1010,604
1010,676
1010,820
1010,1039
1010,1050
1011,603
1011,604
1011,605
1011,684
1011,926
1011,1044
1011,1047
1011,1050
1011,1051
1012,604
1012,605
1012,606
1012,809
1012,927
1012,928
1012,1048
1012,1050
1012,1051
1012,1058
1012,1059
1012,1060
1013,605
1013,606
1013,939
1013,1056
1013,1058
1013,1059
1013,1060
1014,605
1014,606
1014,940
1014,1052
1014,1060
1015,592
1015,593
1015,594
1015,595
1015,596
1015,597
1015,606
1015,1052
1016,591
1016,592
1016,593
1016,594
1016,595
1016,596
1016,597
1016,598
1016,606
1016,1036
1016,1037
1016,1056
1016,1057
1016,1058
1016,1059
1016,1060
1017,591
1017,592
1017,593
1017,594
1017,595
1017,596
1017,597
1017,607
1017,1035
1017,1043
1017,1044
1017,1045
1017,1046
1017,1052
1017,1053
1017,1056
1017,1057
1017,1058
1017,1059
1017,1060
1017,1061
1018,592
1018,593
1018,594
1018,595
1018,607
1018,608
1018,674
1018,710
1019,587
1019,593
1019,594
1019,608
1019,972
1019,1035
1020,586
1020,672
1020,690
1020,710
1020,928
1021,585
1021,662
1021,672
1021,929
1022,584
1022,934
1022,1022
1023,609
1023,930
1023,931
1023,1012
1023,1013
1023,1016
1024,609
1024,697
1024,699
1024,700
1024,930
1024,931
1024,932
1024,941
1025,579
1025,609
1025,656
1025,711
1025,715
1025,997
1026,710
1026,1002
1027,625
1027,626
1027,999
1027,1064
1028,539
1028,624
1028,625
1028,626
1029,539
1029,610
1029,622
1029,623
1029,624
1029,625
1029,626
1029,953
1029,954
1029,955
1029,956
1029,957
1029,988
1030,539
1030,543
1030,572
1030,610
1030,611
1030,622
1030,623
1030,624
1030,642
1030,952
1030,953
1030,954
1030,955
1030,956
1030,957
1030,958
1030,988
1031,542
1031,611
1031,622
1031,623
1031,948
1031,949
1031,950
1031,951
1031,952
1031,953
1031,954
1031,955
1031,956
1031,957
1031,987
1031,990
1031,991
1031,992
1031,993
1031,1056
1031,1057
1032,611
1032,622
1032,660
1032,708
1032,948
1032,949
1032,950
1032,951
1032,952
1032,953
1032,954
1032,955
1032,956
1032,962
1032,963
1032,964
1032,965
1032,966
1032,989
1032,990
1032,993
1032,994
1032,995
1033,611
1033,612
1033,621
1033,665
1033,667
1033,949
1033,950
1033,951
1033,952
1033,960
1033,961
1033,979
1033,980
1033,990
1033,991
1034,567
1034,611
1034,612
1034,621
1035,611
1035,621
1035,939
1035,955
1035,956
1035,957
1036,605
1036,610
1036,611
1036,621
1036,936
1036,954
1036,1013
1036,1014
1036,1015
1036,1033
1037,605
1037,609
1037,610
1037,620
1037,621
1038,605
1038,609
1038,620
1038,621
1038,999
1038,1000
1039,605
1039,606
1039,608
1039,620
1039,621
1039,622
1039,976
1039,977
1039,990
1039,991
1039,1010
1039,1011
1039,1052
1039,1053
1039,1054
1040,605
1040,606
1040,607
1040,621
1040,622
1040,623
1040,672
1040,988
1040,1048
1040,1052
1040,1053
1040,1054
1041,620
1041,621
1041,622
1041,623
1041,672
1041,932
1041,1037
1041,1048
1041,1051
1041,1052
1041,1053
1041,1054
1041,1055
1041,1056
1042,560
1042,620
1042,621
1042,622
1042,927
1042,957
1042,986
1042,1034
1042,1036
1042,1037
1042,1048
1042,1052
1042,1053
1042,1054
1042,1055
1042,1060
1043,702
1043,1003
1043,1034
1043,1049
1043,1052
1043,1053
1043,1054
1043,1055
1044,700
1044,701
1044,806
1044,807
1044,808
1044,809
1044,1002
1044,1053
1044,1054
1044,1055
1044,1056
1045,706
1045,803
1045,963
1045,1001
1045,1053
1045,1054
1045,1055
1046,674
1046,699
1046,711
1046,994
1047,673
1047,691
1047,712
1047,911
1048,612
1048,983
1049,612
1049,613
1049,614
1049,682
1049,683
1049,690
1049,857
1049,945
1049,982
1049,983
1049,1015
1050,943
1050,944
1050,1015
1050,1016
1052,604
1052,795
1052,796
1053,715
1053,795
1053,986
1053,1016
1054,794
1054,795
1054,986
1055,1059
1056,676
1056,738
1056,972
1057,970
1057,971
1058,967
1058,968
1059,678
1059,967
1059,1019
1062,932
1062,933
1064,589
1064,1006
1064,1007
1065,710
1066,709
1066,726
1068,963
1069,1005
1069,1009
1069,1010
1070,999
1070,1008
1070,1010
1070,1011
1073,740
1074,563
1075,563
1076,563
1078,562
1084,845
1085,721
1087,718
1087,733
1088,716
1089,715
1089,834
1090,833
1091,553
1092,428
1092,430
1094,804
1094,981
1094,982
1097,728
1103,922
1109,845
1109,918
1110,920
1112,925
1115,917
1115,918
1116,915
1116,1039
1116,1040
1116,1041
1117,889
1117,914
1117,1040
1118,888
1118,889
1118,912
1118,913
1119,911
1121,905
1122,896
1122,905
1124,702
1124,703
1125,456
1126,456
1126,888
1127,887
1127,888
1127,889
1127,1034
1127,1035
1128,884
1128,885
1128,886
1128,887
1128,888
1129,883
1137,866
1143,740
1155,1020
1155,1021
1156,1020
1156,1021
1157,753
1157,754
1158,756
1158,757
1158,758
1159,757
1159,758
1160,757
1160,758
1160,759
1161,758
1161,759
1161,760
1161,761
1161,762
1161,1016
1161,1017
1161,1022
1162,759
1162,760
1162,761
1162,762
1162,1013
1162,1014
1163,760
1163,761
1163,762
1163,763
1164,763
1164,764
1165,764
1165,765
1166,765
1166,1015
1166,1016
1166,1060
1167,767
1167,1013
1167,1014
1167,1015
1167,1016
1167,1060
1167,1061
1168,767
1168,768
1168,1013
1168,1014
1168,1015
1168,1060
1168,1061
1169,1014
1169,1015
1170,1015
1173,773
1173,866
1174,863
1174,865
1174,866
1174,867
1175,850
1175,851
1175,866
1176,783
1177,783
1177,784
1177,1010
1178,784
1178,1010
1180,787
1181,787
1181,788
1181,894
1182,788
1182,789
1182,790
1182,854
1182,855
1183,789
1183,790
1183,791
1184,789
1184,790
1184,791
1184,823
1184,824
1184,828
1184,829
1184,830
1185,791
1185,792
1185,818
1185,819
1185,822
1186,819
1188,857
1189,858
1190,795
1191,813
1195,859
1195,877
1195,879
1197,865
1199,847
1200,964
1200,965
1205,1000
1205,1006
1208,852
1210,851
1213,923
1217,971
1218,961
1220,863
1220,962
1220,968
1221,968
1222,962
1222,963
1222,964
1222,973
1223,1058
1230,875
1231,875
1231,942
1232,939
1233,939
1233,940
1234,943
1236,827
1236,828
1237,827
1237,828
1237,945
1238,869
1240,867
1240,915
1240,916
1241,915
1243,842
1244,854
1244,856
1245,1015
1245,1016
1246,1015
1246,1016
1246,1017
1246,1018
1247,906
1247,1015
1247,1016
1247,1017
1248,904
1249,902
1249,1047
1250,1046
1250,1047
1251,849
1251,1043
1251,1044
1251,1046
1251,1047
1251,1048
1252,851
1252,855
1252,860
1252,861
1252,863
1252,866
1252,1046
1252,1047
1252,1048
1252,1057
1253,857
1253,860
1253,866
1253,869
1253,957
1253,1047
1253,1048
1254,858
1254,860
1254,871
1254,1047
1254,1058
1255,858
1255,859
1255,860
1255,872
1255,873
1255,893
1255,1046
1255,1047
1255,1051
1255,1052
1255,1058
1256,858
1256,859
1256,860
1256,875
1256,1049
1256,1050
1256,1051
1256,1052
1256,1055
1256,1057
1257,859
1257,860
1257,877
1257,1047
1257,1048
1257,1049
1257,1050
1258,859
1258,860
1258,1055
1258,1056
1258,1058
1259,942
1259,943
1259,1011
1259,1055
1260,945
1260,1011
1260,1049
1261,882
1261,1049
1262,882
1262,883
1265,957
1266,1061
1268,890
1269,1047
1270,1041
1270,1042
1270,1043
1270,1044
1270,1045
1270,1047
1271,1039
1271,1041
1271,1042
1271,1043
1271,1044
1272,1040
1272,1041
1272,1042
1273,1040
1273,1041
1274,1048
1274,1049
1278,1000
1279,1000
1281,1051
1283,1045
1284,1045
1287,1054
1288,896
1288,938
1301,1028
1301,1029
1305,1034
1307,1052
1307,1053
1308,960
1308,1052
1310,1034
1313,957
1313,958
1325,898
1326,896
1336,945
1337,944
1337,945
1338,945
1338,948
1343,936
1344,936
1346,927
1349,942
1350,939
1350,940
1350,941
1350,962
1351,937
1352,945
1352,946
1352,947
1356,958
1357,958
1360,939
1360,973
1362,942
1367,965
1368,952
1368,964
1369,958
1371,946
1372,946
1372,958
1373,971
1374,971
1403,968
1403,973
1403,974
1403,975
1403,976
1404,966
1405,965
1406,964
1406,973
1407,970
1407,973
1407,981
1408,975
1409,977
1413,972
1415,964
1415,965
